name,loc,sql_size,sql_length,sql_hardness,tables,total_cols,unique_cols,total_rows,total_cells,total_bytes,input_cols,unique_input_cols,input_rows,input_cells,input_bytes,output_cols,output_rows,output_cells,output_bytes
kaggle/1_2_T_1,1,12,56,easy,1,12,11,6,46,450,11,11,4,44,434,1,2,2,16
kaggle/1_2_T_2,1,15,65,medium,1,13,11,6,48,464,11,11,4,44,434,2,2,4,30
kaggle/1_2_T_3,1,12,53,easy,1,22,11,6,66,707,11,11,4,44,434,11,2,22,273
kaggle/1_2_T_4,1,18,77,,1,16,14,12,108,1204,14,14,7,98,977,2,5,10,227
kaggle/1_2_X_1,1,12,59,easy,1,12,11,12,92,835,11,11,8,88,816,1,4,4,19
kaggle/1_2_X_2,1,12,68,easy,1,12,11,10,90,829,11,11,8,88,816,1,2,2,13
kaggle/1_2_X_3,1,12,50,easy,1,22,11,13,143,1342,11,11,10,110,987,11,3,33,355
kaggle/1_3_T_1,1,21,76,medium,1,12,10,15,142,1444,10,10,14,140,1422,2,1,2,22
kaggle/1_3_T_2,1,21,86,,1,12,10,15,142,1447,10,10,14,140,1422,2,1,2,25
kaggle/1_3_X_1,1,21,88,,1,12,10,15,142,1389,10,10,14,140,1368,2,1,2,21
kaggle/1_3_X_2,2,18,73,,1,11,10,15,141,1453,10,10,14,140,1434,1,1,1,19
kaggle/1_4_T_1,2,21,190,,1,72,70,16,712,6856,70,70,10,700,6807,2,6,12,49
kaggle/1_4_X_1,2,35,216,,1,8,6,10,52,724,6,6,8,48,652,2,2,4,72
kaggle/1_4_X_2,2,34,166,,1,8,6,20,112,1358,6,6,18,108,1307,2,2,4,51
kaggle/1_5_T_1,1,25,171,,1,19,17,9,93,2848,17,17,5,85,2773,2,4,8,75
kaggle/1_5_X_1,1,21,152,,1,25,23,5,73,1162,23,23,3,69,1134,2,2,4,28
kaggle/1_5_X_2,1,32,212,,1,25,23,7,119,1697,23,23,5,115,1674,2,2,4,23
kaggle/1_5_X_3,1,74,445,,1,26,23,8,144,2065,23,23,6,138,2016,3,2,6,49
kaggle/1_6_T_1,2,30,167,,2,10,7,13,50,836,8,7,10,44,780,2,3,6,56
kaggle/1_6_X_1,1,18,81,medium,1,23,20,5,66,666,20,20,3,60,596,3,2,6,70
kaggle/1_6_X_2,1,34,139,hard,2,43,20,8,126,1147,40,20,6,120,1078,3,2,6,69
kaggle/1_6_X_3,1,34,200,,2,42,20,9,144,1203,40,20,7,140,1150,2,2,4,53
kaggle/2_1_T_1,1,58,268,,2,26,14,25,230,3129,22,14,20,210,2760,4,5,20,369
kaggle/2_1_T_2,1,40,168,,2,23,14,33,223,2886,22,14,20,210,2760,1,13,13,126
kaggle/2_1_X_1,1,52,349,,2,42,20,11,184,1486,40,20,9,180,1442,2,2,4,44
kaggle/2_1_X_2,1,63,386,,2,43,20,14,246,1579,40,20,12,240,1480,3,2,6,99
kaggle/2_1_X_3,1,60,342,,3,56,31,20,290,2247,53,31,16,278,2144,3,4,12,103
kaggle/2_1_X_4,1,40,217,,2,41,20,10,143,1103,40,20,7,140,1075,1,3,3,28
kaggle/2_2_T_1,1,40,315,,1,14,11,9,83,707,11,11,7,77,641,3,2,6,66
kaggle/2_2_T_2,1,,466,,1,17,11,12,107,1125,11,11,7,77,921,6,5,30,204
kaggle/2_2_X_1,1,49,390,,1,25,23,75,1053,6038,23,23,43,989,5051,2,32,64,987
kaggle/2_2_X_2,1,29,233,,1,27,23,10,154,1288,23,23,6,138,1040,4,4,16,248
kaggle/2_2_X_3,1,39,269,,1,27,23,10,154,1300,23,23,6,138,1040,4,4,16,260
scythe/recent_posts/001,3,24,176,,1,6,4,11,32,214,4,4,5,20,134,2,6,12,80
scythe/recent_posts/002,,37,209,,1,4,2,7,14,52,2,2,3,6,23,2,4,8,29
scythe/recent_posts/003,1,27,96,medium,2,6,4,24,48,135,4,4,17,34,93,2,7,14,42
scythe/recent_posts/004,3,43,228,,1,5,3,9,23,150,3,3,5,15,88,2,4,8,62
scythe/recent_posts/005,3,40,232,,1,8,4,9,36,348,4,4,8,32,279,4,1,4,69
scythe/recent_posts/006,4,19,75,extra,1,10,6,6,34,346,6,6,5,30,229,4,1,4,117
scythe/recent_posts/007,3,65,243,,1,8,4,10,40,389,4,4,7,28,261,4,3,12,128
scythe/recent_posts/008,,,,,1,14,6,12,80,300,6,6,8,48,172,8,4,32,128
scythe/recent_posts/009,1,16,64,,1,8,5,6,26,230,5,5,4,20,170,3,2,6,60
scythe/recent_posts/010,,,,,1,8,4,13,52,441,4,4,10,40,322,4,3,12,119
scythe/recent_posts/011,1,16,54,,1,5,3,6,16,171,3,3,4,12,109,2,2,4,62
scythe/recent_posts/012,3,38,211,,1,11,6,7,40,403,6,6,5,30,230,5,2,10,173
scythe/recent_posts/013,2,50,227,,2,8,3,8,20,164,4,3,6,12,95,4,2,8,69
scythe/recent_posts/014,2,51,198,,2,9,4,40,120,609,6,4,20,60,313,3,20,60,296
scythe/recent_posts/015,,,,,1,8,4,7,28,335,4,4,5,20,233,4,2,8,102
scythe/recent_posts/016,4,36,192,,1,5,2,8,17,149,2,2,7,14,124,3,1,3,25
scythe/recent_posts/017,4,48,209,,1,6,3,9,27,151,3,3,7,21,105,3,2,6,46
scythe/recent_posts/018,2,62,295,,1,6,4,9,32,271,4,4,7,28,247,2,2,4,24
scythe/recent_posts/019,3,24,81,hard,1,6,3,13,39,327,3,3,9,27,216,3,4,12,111
scythe/recent_posts/020,,23,86,,1,5,3,8,21,312,3,3,5,15,151,2,3,6,161
scythe/recent_posts/021,3,49,236,,1,4,2,16,32,135,2,2,12,24,91,2,4,8,44
scythe/recent_posts/022,3,37,271,,1,3,2,9,17,67,2,2,8,16,61,1,1,1,6
scythe/recent_posts/023,,85,380,,1,11,3,17,81,409,3,3,11,33,159,8,6,48,250
scythe/recent_posts/024,,58,241,,1,5,3,11,29,183,3,3,7,21,119,2,4,8,64
scythe/recent_posts/025,3,29,129,,1,6,3,10,30,186,3,3,6,18,110,3,4,12,76
scythe/recent_posts/026,,35,166,,1,8,3,8,30,204,3,3,5,15,90,5,3,15,114
scythe/recent_posts/027,3,109,384,,1,7,3,32,102,1012,3,3,26,78,790,4,6,24,222
scythe/recent_posts/028,3,,172,,1,4,2,12,24,84,2,2,10,20,68,2,2,4,16
scythe/recent_posts/029,,162,516,,2,15,5,16,80,614,10,5,8,40,311,5,8,40,303
scythe/recent_posts/030,,175,892,,2,13,10,20,94,806,10,10,17,85,710,3,3,9,96
scythe/recent_posts/031,2,36,183,extra,2,9,5,6,18,154,6,5,5,15,134,3,1,3,20
scythe/recent_posts/032,2,43,155,,1,7,4,10,36,129,4,4,6,24,80,3,4,12,49
scythe/recent_posts/033,4,66,382,,2,12,5,24,96,788,7,5,20,76,665,5,4,20,123
scythe/recent_posts/034,2,30,198,,1,6,3,4,12,169,3,3,3,9,126,3,1,3,43
scythe/recent_posts/035,4,56,238,,1,8,3,40,140,434,3,3,30,90,248,5,10,50,186
scythe/recent_posts/036,3,32,95,medium,2,7,5,6,14,90,5,5,4,10,58,2,2,4,32
scythe/recent_posts/037,,,,,1,8,4,13,52,409,4,4,9,36,272,4,4,16,137
scythe/recent_posts/038,1,27,104,,2,7,3,11,26,154,4,3,7,14,89,3,4,12,65
scythe/recent_posts/039,,97,545,,1,5,3,9,24,101,3,3,6,18,71,2,3,6,30
scythe/recent_posts/040,3,55,235,,1,10,5,7,35,329,5,5,5,25,216,5,2,10,113
scythe/recent_posts/041,,55,231,,1,8,6,156,916,2117,6,6,151,906,2027,2,5,10,90
scythe/recent_posts/042,1,15,55,medium,1,5,3,10,25,122,3,3,5,15,74,2,5,10,48
scythe/recent_posts/043,,32,138,,1,6,3,25,75,1133,3,3,20,60,894,3,5,15,239
scythe/recent_posts/044,,37,142,,2,6,3,10,20,151,4,3,8,16,115,2,2,4,36
scythe/recent_posts/045,2,28,175,,2,7,4,9,21,144,5,4,6,15,90,2,3,6,54
scythe/recent_posts/046,4,47,178,,1,6,3,13,39,156,3,3,8,24,93,3,5,15,63
scythe/recent_posts/047,2,45,240,,1,5,3,8,22,141,3,3,6,18,116,2,2,4,25
scythe/recent_posts/048,,64,442,,1,9,3,10,42,200,3,3,6,18,70,6,4,24,130
scythe/recent_posts/049,,31,203,,1,6,3,5,15,162,3,3,3,9,38,3,2,6,124
scythe/recent_posts/050,,70,446,,3,15,10,12,48,337,10,10,8,28,200,5,4,20,137
scythe/recent_posts/051,2,35,128,,2,7,3,7,16,294,4,3,5,10,170,3,2,6,124
scythe/top_rated_posts/001,1,13,67,,1,4,2,7,14,132,2,2,5,10,64,2,2,4,68
scythe/top_rated_posts/002,2,28,110,,1,4,3,6,16,118,3,3,5,15,109,1,1,1,9
scythe/top_rated_posts/003,1,9,32,,1,2,1,4,4,64,1,1,3,3,28,1,1,1,36
scythe/top_rated_posts/004,2,48,156,,1,6,3,6,18,70,3,3,4,12,42,3,2,6,28
scythe/top_rated_posts/005,3,70,327,,1,6,3,9,27,129,3,3,7,21,86,3,2,6,43
scythe/top_rated_posts/006,2,31,138,,1,6,3,9,27,168,3,3,6,18,105,3,3,9,63
scythe/top_rated_posts/007,2,40,191,,1,10,5,12,60,388,5,5,8,40,248,5,4,20,140
scythe/top_rated_posts/008,2,30,192,,2,10,6,10,34,444,7,6,7,25,313,3,3,9,131
scythe/top_rated_posts/009,2,48,234,,1,6,3,5,15,123,3,3,3,9,69,3,2,6,54
scythe/top_rated_posts/010,1,21,123,,2,9,4,6,18,192,6,4,5,15,149,3,1,3,43
scythe/top_rated_posts/011,2,38,227,,2,8,4,9,25,222,5,4,7,19,127,3,2,6,95
scythe/top_rated_posts/012,2,48,327,,1,7,4,10,37,235,4,4,7,28,158,3,3,9,77
scythe/top_rated_posts/013,3,43,191,,1,5,2,9,22,158,2,2,5,10,80,3,4,12,78
scythe/top_rated_posts/014,1,,68,,1,4,2,5,10,54,2,2,3,6,24,2,2,4,30
scythe/top_rated_posts/015,,107,534,,1,8,3,6,20,186,3,3,5,15,108,5,1,5,78
scythe/top_rated_posts/016,1,17,92,,1,5,3,6,16,121,3,3,4,12,63,2,2,4,58
scythe/top_rated_posts/017,3,34,202,,1,6,3,6,18,122,3,3,4,12,77,3,2,6,45
scythe/top_rated_posts/018,,70,288,,1,6,3,13,39,127,3,3,8,24,74,3,5,15,53
scythe/top_rated_posts/019,2,39,170,,1,5,2,6,15,50,2,2,3,6,21,3,3,9,29
scythe/top_rated_posts/020,2,34,202,,1,5,2,8,20,244,2,2,4,8,115,3,4,12,129
scythe/top_rated_posts/021,1,18,121,,1,7,4,10,38,256,4,4,8,32,187,3,2,6,69
scythe/top_rated_posts/022,1,,317,,1,3,2,8,15,42,2,2,7,14,34,1,1,1,8
scythe/top_rated_posts/023,1,,120,,1,5,2,10,25,123,2,2,5,10,54,3,5,15,69
scythe/top_rated_posts/024,2,27,134,,1,7,4,7,25,200,4,4,4,16,138,3,3,9,62
scythe/top_rated_posts/025,2,34,215,,1,4,2,8,16,56,2,2,6,12,38,2,2,4,18
scythe/top_rated_posts/026,,,,,1,7,3,10,35,242,3,3,5,15,128,4,5,20,114
scythe/top_rated_posts/027,2,48,169,,1,6,3,5,15,199,3,3,3,9,116,3,2,6,83
scythe/top_rated_posts/028,2,,101,,2,6,3,14,33,193,4,3,11,27,117,2,3,6,76
scythe/top_rated_posts/029,1,15,77,,1,4,2,8,16,156,2,2,5,10,82,2,3,6,74
scythe/top_rated_posts/030,,45,175,,1,6,3,12,36,168,3,3,8,24,106,3,4,12,62
scythe/top_rated_posts/031,,35,162,,1,6,3,5,15,86,3,3,4,12,67,3,1,3,19
scythe/top_rated_posts/032,,49,217,,1,6,3,6,18,111,3,3,4,12,72,3,2,6,39
scythe/top_rated_posts/033,,,448,,1,8,3,15,51,369,3,3,12,36,242,5,3,15,127
scythe/top_rated_posts/034,2,48,185,,1,6,3,8,24,126,3,3,6,18,87,3,2,6,39
scythe/top_rated_posts/035,,,106,,1,7,4,5,17,126,4,4,2,8,56,3,3,9,70
scythe/top_rated_posts/036,2,48,192,,1,6,3,8,24,204,3,3,5,15,123,3,3,9,81
scythe/top_rated_posts/037,2,34,145,,1,6,3,7,21,121,3,3,4,12,68,3,3,9,53
scythe/top_rated_posts/038,3,57,203,,1,6,3,12,36,248,3,3,7,21,144,3,5,15,104
scythe/top_rated_posts/039,2,47,261,,1,2,1,5,5,33,1,1,4,4,25,1,1,1,8
scythe/top_rated_posts/040,1,,72,easy,1,5,2,10,24,168,2,2,6,12,92,3,4,12,76
scythe/top_rated_posts/041,,,,,1,6,3,8,24,84,3,3,5,15,49,3,3,9,35
scythe/top_rated_posts/042,,,218,,1,9,5,7,31,129,5,5,3,15,64,4,4,16,65
scythe/top_rated_posts/043,3,25,143,extra,1,4,2,11,22,301,2,2,6,12,163,2,5,10,138
scythe/top_rated_posts/044,1,35,158,,1,5,2,6,15,75,2,2,3,6,27,3,3,9,48
scythe/top_rated_posts/045,3,36,258,,1,6,4,8,30,202,4,4,7,28,188,2,1,2,14
scythe/top_rated_posts/046,,,,,1,4,2,21,42,167,2,2,13,26,101,2,8,16,66
scythe/top_rated_posts/047,2,38,164,,1,8,4,8,32,191,4,4,5,20,116,4,3,12,75
scythe/top_rated_posts/048,2,47,261,,1,6,3,7,21,261,3,3,4,12,144,3,3,9,117
scythe/top_rated_posts/049,1,15,86,,1,4,2,7,14,98,2,2,5,10,47,2,2,4,51
scythe/top_rated_posts/050,1,,133,,1,9,4,8,36,146,4,4,4,16,65,5,4,20,81
scythe/top_rated_posts/051,2,40,223,,1,6,3,12,36,224,3,3,9,27,160,3,3,9,64
scythe/top_rated_posts/052,,22,74,,1,5,2,8,20,91,2,2,4,8,36,3,4,12,55
scythe/top_rated_posts/053,,39,196,,1,3,1,10,15,100,1,1,5,5,24,2,5,10,76
scythe/top_rated_posts/054,1,28,156,,1,4,2,8,16,158,2,2,4,8,78,2,4,8,80
scythe/top_rated_posts/055,1,16,73,,1,7,4,6,22,140,4,4,4,16,82,3,2,6,58
scythe/top_rated_posts/056,,,734,,1,6,3,8,24,78,3,3,3,9,35,3,5,15,43
scythe/top_rated_posts/057,2,26,161,extra,1,7,4,13,46,431,4,4,7,28,237,3,6,18,194
spider/activity_1/0001,,6,28,easy,1,9,8,59,465,2868,8,8,58,464,2850,1,1,1,18
spider/activity_1/0002,,6,33,easy,1,9,8,62,468,2904,8,8,58,464,2850,1,4,4,54
spider/activity_1/0003,,6,37,easy,1,9,8,61,467,2886,8,8,58,464,2850,1,3,3,36
spider/activity_1/0004,,12,52,medium,1,11,8,116,638,4347,8,8,58,464,2850,3,58,174,1497
spider/activity_1/0005,,18,69,medium,1,11,8,65,485,3027,8,8,58,464,2850,3,7,21,177
spider/activity_1/0006,,12,41,easy,1,9,8,109,515,3167,8,8,58,464,2850,1,51,51,317
spider/activity_1/0007,,19,69,medium,1,9,8,59,465,2867,8,8,58,464,2850,1,1,1,17
spider/activity_1/0008,,25,100,medium,1,11,8,59,467,2900,8,8,58,464,2850,3,1,3,50
spider/activity_1/0009,,19,76,medium,1,9,8,59,465,2867,8,8,58,464,2850,1,1,1,17
spider/activity_1/0010,,15,65,medium,1,10,8,66,480,2996,8,8,58,464,2850,2,8,16,146
spider/activity_1/0011,,11,63,medium,1,10,8,61,470,2908,8,8,58,464,2850,2,3,6,58
spider/activity_1/0012,,13,77,hard,1,9,8,59,465,2873,8,8,58,464,2850,1,1,1,23
spider/activity_1/0013,,20,93,medium,1,9,8,60,466,2881,8,8,58,464,2850,1,2,2,31
spider/activity_1/0014,,11,55,medium,1,10,8,62,472,2927,8,8,58,464,2850,2,4,8,77
spider/activity_1/0015,,16,81,medium,1,11,8,65,485,2988,8,8,58,464,2850,3,7,21,138
spider/activity_1/0016,,13,68,hard,1,9,8,59,465,2871,8,8,58,464,2850,1,1,1,21
spider/activity_1/0017,,17,77,medium,1,10,8,60,468,2883,8,8,58,464,2850,2,2,4,33
spider/activity_1/0018,,38,145,extra,2,18,13,93,738,4200,16,13,92,736,4161,2,1,2,39
spider/activity_1/0019,,26,106,medium,2,17,13,106,750,4256,16,13,92,736,4161,1,14,14,95
spider/activity_1/0020,,38,150,extra,2,18,13,95,742,4227,16,13,92,736,4161,2,3,6,66
spider/activity_1/0021,,25,113,medium,2,18,13,110,772,4329,16,13,92,736,4161,2,18,36,168
spider/activity_1/0022,,25,111,medium,2,18,13,95,742,4224,16,13,92,736,4161,2,3,6,63
spider/activity_1/0023,,31,144,extra,2,18,13,93,738,4198,16,13,92,736,4161,2,1,2,37
spider/activity_1/0024,,28,117,medium,2,17,13,101,745,4226,16,13,92,736,4161,1,9,9,65
spider/activity_1/0025,,12,60,hard,2,17,13,132,776,4412,16,13,92,736,4161,1,40,40,251
spider/activity_1/0026,,6,34,easy,1,3,2,32,48,532,2,2,16,32,303,1,16,16,229
spider/activity_1/0027,,6,29,easy,1,3,2,17,33,321,2,2,16,32,303,1,1,1,18
spider/activity_1/0028,,8,57,easy,1,3,2,41,81,452,2,2,40,80,421,1,1,1,31
spider/activity_1/0029,,12,74,hard,2,11,9,138,584,3522,10,9,98,544,3271,1,40,40,251
spider/activity_1/0030,,12,79,hard,2,11,10,81,359,1785,10,10,74,352,1732,1,7,7,53
spider/activity_1/0031,,33,144,medium,2,11,9,99,545,3288,10,9,98,544,3271,1,1,1,17
spider/activity_1/0032,,45,195,hard,3,13,10,117,579,3628,12,10,114,576,3574,1,3,3,54
spider/activity_1/0033,,33,161,medium,2,14,9,116,616,3710,10,9,98,544,3271,4,18,72,439
spider/activity_1/0034,,25,136,medium,2,6,3,69,138,941,4,3,56,112,724,2,13,26,217
spider/activity_1/0035,,31,158,extra,2,12,9,99,546,3303,10,9,98,544,3271,2,1,2,32
spider/activity_1/0036,,27,150,extra,2,5,3,57,113,762,4,3,56,112,724,1,1,1,38
spider/activity_1/0037,,12,66,hard,2,11,9,108,416,2067,10,9,104,412,2032,1,4,4,35
spider/activity_1/0038,,18,84,hard,2,11,9,121,429,2145,10,9,104,412,2032,1,17,17,113
spider/activity_1/0039,,31,150,extra,2,12,9,105,414,2071,10,9,104,412,2032,2,1,2,39
spider/activity_1/0040,,27,142,extra,2,5,3,87,173,1053,4,3,86,172,1024,1,1,1,29
spider/activity_1/0041,,45,215,extra,3,13,10,132,594,3736,12,10,114,576,3574,1,18,18,162
spider/activity_1/0042,,57,273,hard,3,13,10,136,598,3776,12,10,114,576,3574,1,22,22,202
spider/activity_1/0043,,74,361,extra,3,13,10,132,594,3736,12,10,114,576,3574,1,18,18,162
spider/activity_1/0044,,52,259,extra,2,5,3,116,202,1215,4,3,86,172,1024,1,30,30,191
spider/aircraft/0001,,6,29,easy,1,7,6,6,31,689,6,6,5,30,672,1,1,1,17
spider/aircraft/0002,,6,32,easy,1,7,6,10,35,817,6,6,5,30,672,1,5,5,145
spider/aircraft/0003,,8,49,easy,1,10,9,11,91,1033,9,9,10,90,985,1,1,1,48
spider/aircraft/0004,,15,111,medium,1,11,9,11,92,1063,9,9,10,90,985,2,1,2,78
spider/aircraft/0005,,14,79,medium,1,10,9,11,91,1028,9,9,10,90,985,1,1,1,43
spider/aircraft/0006,,13,75,medium,1,11,9,11,92,1061,9,9,10,90,985,2,1,2,76
spider/aircraft/0007,,12,38,easy,1,4,3,21,45,476,3,3,12,36,316,1,9,9,160
spider/aircraft/0008,,9,40,easy,1,4,3,24,48,548,3,3,12,36,316,1,12,12,232
spider/aircraft/0009,,15,57,medium,1,4,3,21,45,498,3,3,12,36,316,1,9,9,182
spider/aircraft/0010,,37,194,hard,3,19,16,20,133,1753,18,16,19,132,1724,1,1,1,29
spider/aircraft/0011,,41,213,hard,3,20,16,21,136,1846,18,16,19,132,1724,2,2,4,122
spider/aircraft/0012,,39,202,hard,3,19,16,20,133,1767,18,16,19,132,1724,1,1,1,43
spider/aircraft/0013,,23,115,medium,2,15,13,19,93,1552,13,13,12,79,1250,2,7,14,302
spider/aircraft/0014,,27,155,extra,2,14,13,13,80,1275,13,13,12,79,1250,1,1,1,25
spider/aircraft/0015,,25,141,medium,2,15,13,17,89,1374,13,13,12,79,1250,2,5,10,124
spider/aircraft/0016,,9,40,easy,1,4,3,24,48,548,3,3,12,36,316,1,12,12,232
spider/aircraft/0017,,28,145,medium,2,14,13,14,81,1290,13,13,12,79,1250,1,2,2,40
spider/aircraft/0020,,11,68,medium,1,18,9,11,99,1272,9,9,10,90,985,9,1,9,287
spider/aircraft/0021,,38,172,extra,2,12,10,20,87,930,10,10,19,85,894,2,1,2,36
spider/aircraft/0023,,21,120,hard,2,11,10,30,96,1111,10,10,19,85,894,1,11,11,217
spider/allergy_1/0001,,8,48,easy,1,3,2,15,29,285,2,2,14,28,252,1,1,1,33
spider/allergy_1/0002,,8,52,easy,1,3,2,15,29,288,2,2,14,28,252,1,1,1,36
spider/allergy_1/0003,,6,45,easy,1,3,2,17,31,298,2,2,14,28,252,1,3,3,46
spider/allergy_1/0004,,9,52,medium,1,4,2,28,56,504,2,2,14,28,252,2,14,28,252
spider/allergy_1/0005,,12,68,easy,1,3,2,21,35,317,2,2,14,28,252,1,7,7,65
spider/allergy_1/0006,,12,58,easy,1,3,2,15,29,277,2,2,14,28,252,1,1,1,25
spider/allergy_1/0007,,12,62,easy,1,3,2,15,29,269,2,2,14,28,252,1,1,1,17
spider/allergy_1/0008,,11,74,medium,1,4,2,17,34,317,2,2,14,28,252,2,3,6,65
spider/allergy_1/0009,,13,88,hard,1,3,2,15,29,275,2,2,14,28,252,1,1,1,23
spider/allergy_1/0010,,13,87,hard,1,3,2,15,29,284,2,2,14,28,252,1,1,1,32
spider/allergy_1/0011,,6,28,easy,1,9,8,35,273,1329,8,8,34,272,1311,1,1,1,18
spider/allergy_1/0012,,9,39,medium,1,10,8,68,340,1780,8,8,34,272,1311,2,34,68,469
spider/allergy_1/0013,,8,43,easy,1,9,8,35,273,1344,8,8,34,272,1311,1,1,1,33
spider/allergy_1/0014,,6,34,easy,1,9,8,40,278,1351,8,8,34,272,1311,1,6,6,40
spider/allergy_1/0015,,6,38,easy,1,9,8,53,291,1421,8,8,34,272,1311,1,19,19,110
spider/allergy_1/0016,,18,67,medium,1,11,8,44,302,1498,8,8,34,272,1311,3,10,30,187
spider/allergy_1/0017,,12,41,easy,1,9,8,58,296,1466,8,8,34,272,1311,1,24,24,155
spider/allergy_1/0018,,12,43,easy,1,9,8,35,273,1329,8,8,34,272,1311,1,1,1,18
spider/allergy_1/0019,,12,40,easy,1,9,8,41,279,1364,8,8,34,272,1311,1,7,7,53
spider/allergy_1/0020,,12,49,easy,1,9,8,35,273,1331,8,8,34,272,1311,1,1,1,20
spider/allergy_1/0021,,12,46,easy,1,9,8,35,273,1330,8,8,34,272,1311,1,1,1,19
spider/allergy_1/0022,,19,75,medium,1,9,8,35,273,1328,8,8,34,272,1311,1,1,1,17
spider/allergy_1/0023,,18,62,medium,1,11,8,35,275,1378,8,8,34,272,1311,3,1,3,67
spider/allergy_1/0024,,18,77,hard,1,9,8,35,273,1327,8,8,34,272,1311,1,1,1,16
spider/allergy_1/0025,,18,77,hard,1,9,8,35,273,1328,8,8,34,272,1311,1,1,1,17
spider/allergy_1/0026,,11,57,medium,1,10,8,40,284,1377,8,8,34,272,1311,2,6,12,66
spider/allergy_1/0027,,13,71,hard,1,9,8,35,273,1327,8,8,34,272,1311,1,1,1,16
spider/allergy_1/0028,,11,53,medium,1,10,8,43,290,1388,8,8,34,272,1311,2,9,18,77
spider/allergy_1/0029,,13,53,medium,1,10,8,36,276,1350,8,8,34,272,1311,2,2,4,39
spider/allergy_1/0030,,11,65,medium,1,10,8,53,310,1472,8,8,34,272,1311,2,19,38,161
spider/allergy_1/0031,,11,61,medium,1,10,8,52,308,1481,8,8,34,272,1311,2,18,36,170
spider/allergy_1/0032,,13,75,hard,1,9,8,35,273,1330,8,8,34,272,1311,1,1,1,19
spider/allergy_1/0033,,12,54,easy,1,3,2,60,119,856,2,2,59,118,839,1,1,1,17
spider/allergy_1/0034,,14,65,easy,1,3,2,71,130,922,2,2,59,118,839,1,12,12,83
spider/allergy_1/0035,,12,62,hard,2,11,9,98,395,2191,10,9,93,390,2150,1,5,5,41
spider/allergy_1/0036,,41,150,hard,2,11,9,94,391,2167,10,9,93,390,2150,1,1,1,17
spider/allergy_1/0037,,25,119,medium,2,5,3,74,147,1109,4,3,73,146,1091,1,1,1,18
spider/allergy_1/0038,,13,79,hard,1,3,2,60,119,865,2,2,59,118,839,1,1,1,26
spider/allergy_1/0039,,11,65,medium,1,4,2,71,142,990,2,2,59,118,839,2,12,24,151
spider/allergy_1/0040,,25,136,medium,2,6,3,76,152,1158,4,3,73,146,1091,2,3,6,67
spider/allergy_1/0041,,35,197,extra,2,12,9,95,394,2186,10,9,93,390,2150,2,2,4,36
spider/allergy_1/0043,,35,195,extra,2,12,9,94,392,2177,10,9,93,390,2150,2,1,2,27
spider/allergy_1/0044,,62,337,hard,3,13,10,108,419,2437,12,10,107,418,2402,1,1,1,35
spider/allergy_1/0045,,38,199,extra,3,14,10,127,458,2684,12,10,107,418,2402,2,20,40,282
spider/allergy_1/0046,,40,197,extra,3,13,10,108,419,2420,12,10,107,418,2402,1,1,1,18
spider/allergy_1/0047,,38,169,hard,2,12,9,98,400,2228,10,9,93,390,2150,2,5,10,78
spider/allergy_1/0048,,49,236,extra,3,13,10,108,419,2420,12,10,107,418,2402,1,1,1,18
spider/allergy_1/0049,,24,126,extra,2,12,9,123,450,2496,10,9,93,390,2150,2,30,60,346
spider/apartment_rentals/0001,,6,39,easy,1,7,6,16,91,1051,6,6,15,90,1033,1,1,1,18
spider/apartment_rentals/0002,,9,74,medium,1,8,6,30,120,1703,6,6,15,90,1033,2,15,30,670
spider/apartment_rentals/0003,,6,61,easy,1,8,7,18,108,1918,7,7,15,105,1870,1,3,3,48
spider/apartment_rentals/0004,,12,83,easy,1,8,7,16,106,1912,7,7,15,105,1870,1,1,1,42
spider/apartment_rentals/0005,,15,106,medium,1,9,7,16,107,1971,7,7,15,105,1870,2,1,2,101
spider/apartment_rentals/0006,,12,90,medium,1,8,7,17,107,1926,7,7,15,105,1870,1,2,2,56
spider/apartment_rentals/0007,,13,70,medium,1,9,7,16,107,602,7,7,15,105,548,2,1,2,54
spider/apartment_rentals/0008,,8,41,easy,1,8,7,16,106,592,7,7,15,105,548,1,1,1,44
spider/apartment_rentals/0009,,9,52,medium,1,9,7,30,135,765,7,7,15,105,548,2,15,30,217
spider/apartment_rentals/0010,,14,69,easy,1,8,7,16,106,575,7,7,15,105,548,1,1,1,27
spider/apartment_rentals/0011,,12,62,easy,1,8,7,21,111,627,7,7,15,105,548,1,6,6,79
spider/apartment_rentals/0012,,9,59,medium,1,7,5,30,105,1030,5,5,15,75,760,2,15,30,270
spider/apartment_rentals/0013,,12,59,easy,1,6,5,18,78,847,5,5,15,75,760,1,3,3,87
spider/apartment_rentals/0014,,27,157,medium,2,16,12,45,240,2418,13,12,30,195,1581,3,15,45,837
spider/apartment_rentals/0015,,30,169,medium,2,15,12,37,209,1933,13,12,30,195,1581,2,7,14,352
spider/apartment_rentals/0016,,30,162,medium,2,15,12,45,225,2261,13,12,30,195,1581,2,15,30,680
spider/apartment_rentals/0017,,26,140,medium,2,14,12,31,196,1619,13,12,30,195,1581,1,1,1,38
spider/apartment_rentals/0018,,26,149,medium,2,14,12,35,200,1649,13,12,30,195,1581,1,5,5,68
spider/apartment_rentals/0019,,27,144,medium,2,14,12,31,196,1608,13,12,30,195,1581,1,1,1,27
spider/apartment_rentals/0020,,27,163,medium,2,14,10,45,210,2586,11,10,30,165,1793,3,15,45,793
spider/apartment_rentals/0021,,30,167,medium,2,13,10,39,183,2227,11,10,30,165,1793,2,9,18,434
spider/apartment_rentals/0022,,30,173,medium,2,13,10,37,179,1938,11,10,30,165,1793,2,7,14,145
spider/apartment_rentals/0023,,26,129,medium,2,10,8,25,122,700,9,8,22,119,661,1,3,3,39
spider/apartment_rentals/0024,,28,135,medium,2,10,8,23,120,689,9,8,22,119,661,1,1,1,28
spider/apartment_rentals/0025,,28,162,medium,2,15,13,31,211,2446,14,13,30,210,2418,1,1,1,28
spider/apartment_rentals/0026,,26,142,medium,2,15,13,32,212,2535,14,13,30,210,2418,1,2,2,117
spider/apartment_rentals/0027,,30,168,medium,2,16,13,34,218,2519,14,13,30,210,2418,2,4,8,101
spider/apartment_rentals/0028,,11,96,medium,1,8,6,17,94,1099,6,6,15,90,1033,2,2,4,66
spider/apartment_rentals/0029,,9,57,easy,1,8,7,30,120,720,7,7,15,105,548,1,15,15,172
spider/apartment_rentals/0030,,11,69,medium,1,8,7,16,106,574,7,7,15,105,548,1,1,1,26
spider/apartment_rentals/0031,,14,98,extra,1,9,7,18,111,608,7,7,15,105,548,2,3,6,60
spider/apartment_rentals/0032,,15,97,hard,1,8,7,18,108,589,7,7,15,105,548,1,3,3,41
spider/apartment_rentals/0033,,21,142,hard,1,10,7,16,108,614,7,7,15,105,548,3,1,3,66
spider/apartment_rentals/0034,,13,90,hard,1,8,7,16,106,573,7,7,15,105,548,1,1,1,25
spider/apartment_rentals/0035,,19,115,extra,1,8,7,16,106,573,7,7,15,105,548,1,1,1,25
spider/apartment_rentals/0036,,18,107,medium,1,10,7,18,114,641,7,7,15,105,548,3,3,9,93
spider/apartment_rentals/0037,,14,91,extra,1,7,5,18,81,819,5,5,15,75,760,2,3,6,59
spider/apartment_rentals/0038,,15,102,extra,2,10,8,23,120,678,9,8,22,119,661,1,1,1,17
spider/apartment_rentals/0039,,52,299,extra,2,14,12,33,198,1629,13,12,30,195,1581,1,3,3,48
spider/apartment_rentals/0040,,52,259,extra,2,12,10,37,187,1246,11,10,35,185,1210,1,2,2,36
spider/architecture/0001,,12,54,easy,1,5,4,6,21,246,4,4,5,20,229,1,1,1,17
spider/architecture/0002,,21,93,medium,1,7,4,9,32,389,4,4,5,20,229,3,4,12,160
spider/architecture/0003,,25,110,medium,2,12,8,21,112,1360,10,8,20,110,1297,2,1,2,63
spider/architecture/0004,,8,35,easy,1,7,6,16,91,1099,6,6,15,90,1068,1,1,1,31
spider/architecture/0005,,15,67,medium,1,9,7,11,52,628,7,7,6,42,489,2,5,10,139
spider/architecture/0006,,23,119,medium,2,13,9,15,70,862,11,9,11,62,718,2,4,8,144
spider/architecture/0007,,12,49,easy,1,8,7,11,47,590,7,7,6,42,489,1,5,5,101
spider/architecture/0008,,34,154,hard,2,12,9,12,63,741,11,9,11,62,718,1,1,1,23
spider/architecture/0009,,32,130,medium,2,12,8,23,116,1367,10,8,20,110,1297,2,3,6,70
spider/architecture/0010,,35,161,extra,2,14,9,12,65,782,11,9,11,62,718,3,1,3,64
spider/architecture/0011,,72,299,extra,3,20,11,29,161,1881,17,11,26,152,1786,3,3,9,95
spider/architecture/0012,,19,82,medium,1,7,6,17,92,1170,6,6,15,90,1068,1,2,2,102
spider/architecture/0013,,12,48,medium,1,8,7,11,47,591,7,7,6,42,489,1,5,5,102
spider/architecture/0014,,37,160,hard,3,18,11,30,156,1865,17,11,26,152,1786,1,4,4,79
spider/architecture/0015,,16,83,hard,1,9,7,7,44,527,7,7,6,42,489,2,1,2,38
spider/architecture/0016,,21,118,extra,2,12,9,12,63,735,11,9,11,62,718,1,1,1,17
spider/assets_maintenance/0001,,64,317,extra,3,19,15,47,259,2213,17,15,45,255,2153,2,2,4,60
spider/assets_maintenance/0002,,25,196,medium,2,16,13,40,230,2222,14,13,30,210,2124,2,10,20,98
spider/assets_maintenance/0003,,25,153,medium,2,16,14,40,230,2589,14,14,30,210,2506,2,10,20,83
spider/assets_maintenance/0004,,64,402,extra,3,17,14,52,239,2688,15,14,45,225,2481,2,7,14,207
spider/assets_maintenance/0005,,46,248,extra,3,20,17,49,278,2205,18,17,45,270,2136,2,4,8,69
spider/assets_maintenance/0006,,,179,extra,2,16,12,31,198,1526,13,12,30,195,1464,3,1,3,62
spider/assets_maintenance/0007,,32,145,medium,2,12,9,20,94,655,10,9,18,90,610,2,2,4,45
spider/assets_maintenance/0008,,42,237,medium,3,14,8,58,204,1257,10,8,38,124,643,4,20,80,614
spider/assets_maintenance/0009,,34,198,medium,3,12,8,48,144,974,10,8,33,114,698,2,15,30,276
spider/assets_maintenance/0010,,25,125,medium,2,9,6,21,51,294,7,6,18,45,238,2,3,6,56
spider/assets_maintenance/0011,,23,148,medium,2,11,8,45,165,1396,9,8,30,135,1033,2,15,30,363
spider/assets_maintenance/0012,,30,204,extra,2,16,13,31,212,1885,14,13,30,210,1842,2,1,2,43
spider/assets_maintenance/0013,,6,52,easy,1,6,5,30,90,524,5,5,15,75,397,1,15,15,127
spider/assets_maintenance/0014,,6,49,easy,1,4,3,19,49,310,3,3,15,45,258,1,4,4,52
spider/assets_maintenance/0015,,18,138,extra,2,15,12,37,209,1591,13,12,30,195,1464,2,7,14,127
spider/assets_maintenance/0016,,15,88,medium,1,13,9,30,195,1674,9,9,15,135,1273,4,15,60,401
spider/assets_maintenance/0017,,11,79,medium,1,10,9,16,136,1324,9,9,15,135,1273,1,1,1,51
spider/assets_maintenance/0018,,42,229,extra,3,14,10,34,122,758,12,10,33,120,724,2,1,2,34
spider/assets_maintenance/0019,,27,138,extra,2,11,9,19,91,633,10,9,18,90,610,1,1,1,23
spider/assets_maintenance/0020,,35,213,extra,2,16,12,31,198,1526,13,12,30,195,1464,3,1,3,62
spider/assets_maintenance/0021,,38,212,medium,3,20,16,60,300,2154,17,16,45,255,1758,3,15,45,396
spider/assets_maintenance/0022,,35,252,extra,2,12,8,31,138,1149,9,8,30,135,1033,3,1,3,116
spider/assets_maintenance/0023,,31,180,extra,2,7,4,19,41,272,5,4,18,39,221,2,1,2,51
spider/assets_maintenance/0024,,6,39,easy,1,10,9,30,150,1395,9,9,15,135,1273,1,15,15,122
spider/assets_maintenance/0025,,15,104,medium,1,12,9,30,180,1625,9,9,15,135,1273,3,15,45,352
spider/assets_maintenance/0026,,14,90,medium,1,7,5,4,17,173,5,5,3,15,133,2,1,2,40
spider/assets_maintenance/0027,,25,186,hard,2,11,10,31,151,2133,10,10,30,150,2084,1,1,1,49
spider/assets_maintenance/0029,,13,71,hard,1,5,4,16,61,309,4,4,15,60,294,1,1,1,15
spider/assets_maintenance/0030,,25,141,medium,2,14,12,38,196,1473,12,12,30,180,1361,2,8,16,112
spider/assets_maintenance/0031,,15,94,hard,2,16,14,36,231,2107,15,14,30,225,2048,1,6,6,59
spider/baseball_1/0001,,31,174,extra,2,10,7,18558,58087,484381,8,7,18557,58085,484314,2,1,2,67
spider/baseball_1/0002,,28,124,medium,2,54,50,28381,262516,1325856,53,50,28380,262515,1325815,1,1,1,41
spider/baseball_1/0003,,27,122,medium,2,34,31,23978,492982,2699012,32,31,23915,492856,2698107,2,63,126,905
spider/baseball_1/0004,,38,202,extra,2,36,31,23916,492860,2698189,32,31,23915,492856,2698107,4,1,4,82
spider/baseball_1/0005,,11,65,medium,1,11,9,4198,37236,177246,9,9,4120,37080,176513,2,78,156,733
spider/baseball_1/0006,,13,65,medium,1,11,9,3088,26784,159463,9,9,2944,26496,156625,2,144,288,2838
spider/baseball_1/0007,,41,180,extra,2,59,53,5750,161138,707898,57,53,5749,161136,707869,2,1,2,29
spider/baseball_1/0008,,35,190,extra,2,33,29,19024,453369,2498038,30,29,19023,453366,2497975,3,1,3,63
spider/baseball_1/0009,,12,45,easy,1,7,6,251,1501,11716,6,6,250,1500,11698,1,1,1,18
spider/baseball_1/0010,,35,189,extra,2,33,29,24927,488781,2736754,30,29,24924,488772,2736639,3,3,9,115
spider/baseball_1/0011,,13,86,hard,1,25,24,18849,452307,2489897,24,24,18846,452304,2489841,1,3,3,56
spider/baseball_1/0012,,15,70,medium,1,26,24,28356,471324,2624136,24,24,18846,452304,2489841,2,9510,19020,134295
spider/baseball_1/0013,,19,73,medium,1,25,24,18847,452305,2489862,24,24,18846,452304,2489841,1,1,1,21
spider/baseball_1/0014,,39,188,hard,3,33,30,37404,510390,2974195,32,30,37403,510389,2974155,1,1,1,40
spider/baseball_1/0015,,32,138,medium,2,56,50,28415,262620,1326968,53,50,28380,262515,1325815,3,35,105,1153
spider/baseball_1/0016,,34,151,extra,2,55,50,28381,262517,1325860,53,50,28380,262515,1325815,2,1,2,45
spider/baseball_1/0017,,,227,extra,2,32,29,43152,525228,2990656,30,29,24924,488772,2736639,2,18228,36456,254017
spider/baseball_1/0018,,22,83,extra,1,26,24,34895,484402,2713348,24,24,18846,452304,2489841,2,16049,32098,223507
spider/baseball_1/0019,,28,134,medium,2,58,56,3113,137404,560760,57,56,3112,137403,560739,1,1,1,21
spider/baseball_1/0020,,33,150,medium,2,58,56,3113,137404,560756,57,56,3112,137403,560739,1,1,1,17
spider/baseball_1/0021,,38,195,extra,2,59,56,3113,137405,560796,57,56,3112,137403,560739,2,1,2,57
spider/baseball_1/0022,,32,162,hard,2,59,56,3125,137429,560869,57,56,3112,137403,560739,2,13,26,130
spider/baseball_1/0024,,19,65,medium,1,10,9,308,2764,9512,9,9,307,2763,9495,1,1,1,17
spider/baseball_1/0025,,36,145,medium,2,54,50,28381,262516,1325846,53,50,28380,262515,1325815,1,1,1,31
spider/baseball_1/0026,,33,139,medium,2,54,50,28381,262516,1325834,53,50,28380,262515,1325815,1,1,1,19
spider/baseball_1/0027,,17,73,hard,1,6,5,25578,127878,774613,5,5,25575,127875,774571,1,3,3,42
spider/baseball_1/0028,,24,93,hard,1,6,5,26124,128424,779345,5,5,25575,127875,774571,1,549,549,4774
spider/baseball_1/0029,,13,78,hard,1,10,9,4121,37081,176531,9,9,4120,37080,176513,1,1,1,18
spider/baseball_1/0030,,12,49,easy,1,7,6,251,1501,11715,6,6,250,1500,11698,1,1,1,17
spider/baseball_1/0031,,33,138,medium,2,16,14,3195,27997,168340,15,14,3194,27996,168323,1,1,1,17
spider/baseball_1/0032,,33,127,medium,2,16,14,3195,27997,168340,15,14,3194,27996,168323,1,1,1,17
spider/baseball_1/0033,,38,168,medium,2,58,53,5750,161137,707904,57,53,5749,161136,707869,1,1,1,35
spider/baseball_1/0034,,45,183,medium,2,30,28,44422,580180,3264441,29,28,44421,580179,3264412,1,1,1,29
spider/baseball_1/0035,,98,449,extra,3,79,73,47234,714835,3815803,77,73,47226,714819,3815656,2,8,16,147
spider/baseball_1/0036,,38,163,medium,2,58,53,5750,161137,707894,57,53,5749,161136,707869,1,1,1,25
spider/baseball_1/0037,,32,138,extra,2,58,53,5750,161137,707896,57,53,5749,161136,707869,1,1,1,27
spider/baseball_1/0038,,14,58,easy,1,7,6,270,1520,11789,6,6,250,1500,11698,1,20,20,91
spider/baseball_1/0039,,12,55,easy,1,5,4,121,481,3352,4,4,120,480,3334,1,1,1,18
spider/baseball_1/0040,,16,68,easy,1,7,6,278,1528,11993,6,6,250,1500,11698,1,28,28,295
spider/baseball_1/0041,,32,141,extra,2,16,14,3195,27997,168356,15,14,3194,27996,168323,1,1,1,33
spider/behavior_monitoring/0001,,6,37,easy,1,7,6,16,91,577,6,6,15,90,559,1,1,1,18
spider/behavior_monitoring/0002,,6,42,easy,1,7,6,30,105,898,6,6,15,90,559,1,15,15,339
spider/behavior_monitoring/0003,,12,57,easy,1,10,9,21,181,1343,9,9,20,180,1326,1,1,1,17
spider/behavior_monitoring/0004,,8,64,easy,1,9,8,16,121,1105,8,8,15,120,1062,1,1,1,43
spider/behavior_monitoring/0005,,6,50,easy,1,8,7,18,108,1026,7,7,15,105,979,1,3,3,47
spider/behavior_monitoring/0006,,15,110,medium,1,10,8,21,132,1365,8,8,15,120,1062,2,6,12,303
spider/behavior_monitoring/0007,,6,39,easy,1,8,7,30,120,1062,7,7,15,105,979,1,15,15,83
spider/behavior_monitoring/0008,,9,61,medium,1,12,10,30,180,2549,10,10,15,150,1881,2,15,30,668
spider/behavior_monitoring/0009,,19,86,medium,1,11,10,16,151,1929,10,10,15,150,1881,1,1,1,48
spider/behavior_monitoring/0010,,8,60,easy,1,4,3,16,46,215,3,3,15,45,180,1,1,1,35
spider/behavior_monitoring/0011,,12,56,easy,1,10,9,16,136,1213,9,9,15,135,1198,1,1,1,15
spider/behavior_monitoring/0012,,12,93,easy,1,3,2,4,7,148,2,2,3,6,107,1,1,1,41
spider/behavior_monitoring/0013,,13,77,medium,1,8,6,21,122,1443,6,6,20,120,1373,2,1,2,70
spider/behavior_monitoring/0014,,12,64,medium,1,10,9,16,136,1223,9,9,15,135,1198,1,1,1,25
spider/behavior_monitoring/0015,,9,57,easy,1,12,6,30,180,1118,6,6,15,90,559,6,15,90,559
spider/behavior_monitoring/0016,,9,40,easy,1,10,9,40,200,1622,9,9,20,180,1326,1,20,20,296
spider/behavior_monitoring/0017,,12,68,medium,1,11,9,30,165,1455,9,9,15,135,1198,2,15,30,257
spider/behavior_monitoring/0018,,9,60,easy,1,12,6,40,240,2746,6,6,20,120,1373,6,20,120,1373
spider/behavior_monitoring/0019,,31,177,extra,2,18,15,31,242,2481,16,15,30,240,2440,2,1,2,41
spider/behavior_monitoring/0020,,31,177,extra,2,17,13,33,231,1821,15,13,30,225,1757,2,3,6,64
spider/behavior_monitoring/0021,,31,177,extra,2,20,17,31,272,2982,18,17,30,270,2943,2,1,2,39
spider/behavior_monitoring/0022,,38,208,extra,2,18,14,31,242,2215,16,14,30,240,2177,2,1,2,38
spider/behavior_monitoring/0023,,33,189,extra,2,18,14,36,272,3293,16,14,35,270,3254,2,1,2,39
spider/behavior_monitoring/0024,,33,184,extra,2,17,14,41,302,2737,15,14,40,300,2699,2,1,2,38
spider/behavior_monitoring/0025,,31,234,extra,2,12,9,19,128,1242,10,9,18,126,1169,2,1,2,73
spider/behavior_monitoring/0026,,31,231,extra,2,11,8,19,113,1173,9,8,18,111,1099,2,1,2,74
spider/behavior_monitoring/0027,,26,134,medium,2,17,15,32,242,2506,16,15,30,240,2440,1,2,2,66
spider/behavior_monitoring/0028,,26,136,medium,2,16,13,33,228,1788,15,13,30,225,1757,1,3,3,31
spider/behavior_monitoring/0029,,29,166,medium,2,20,17,31,272,3041,18,17,30,270,2943,2,1,2,98
spider/behavior_monitoring/0030,,29,170,medium,2,18,14,31,242,2285,16,14,30,240,2177,2,1,2,108
spider/behavior_monitoring/0031,,28,164,hard,2,17,14,41,302,2740,15,14,40,300,2699,2,1,2,41
spider/behavior_monitoring/0032,,25,149,hard,2,17,14,36,271,3291,16,14,35,270,3254,1,1,1,37
spider/behavior_monitoring/0033,,26,148,medium,2,16,14,42,302,2740,15,14,40,300,2699,1,2,2,41
spider/behavior_monitoring/0034,,30,160,medium,2,21,18,37,334,3264,19,18,35,330,3207,2,2,4,57
spider/behavior_monitoring/0035,,28,153,medium,2,17,14,52,324,3169,15,14,40,300,2699,2,12,24,470
spider/behavior_monitoring/0036,,26,125,medium,2,19,17,36,316,2547,18,17,35,315,2524,1,1,1,23
spider/behavior_monitoring/0037,,26,127,medium,2,19,17,36,316,2571,18,17,35,315,2524,1,1,1,47
spider/behavior_monitoring/0038,,15,105,extra,2,19,17,31,271,2960,18,17,30,270,2943,1,1,1,17
spider/behavior_monitoring/0039,,25,131,hard,2,17,14,35,245,2233,16,14,30,240,2177,1,5,5,56
spider/behavior_monitoring/0040,,38,191,hard,3,29,21,57,472,4577,28,21,50,465,4405,1,7,7,172
spider/bike_1/0001,,12,53,easy,1,25,24,3844,88139,321017,24,24,3665,87960,319068,1,179,179,1949
spider/bike_1/0002,,12,41,easy,1,8,7,105,525,6606,7,7,70,490,5748,1,35,35,858
spider/bike_1/0003,,13,55,medium,1,9,7,75,500,5895,7,7,70,490,5748,2,5,10,147
spider/bike_1/0004,,14,80,medium,1,13,11,9962,109555,1209036,11,11,9959,109549,1208814,2,3,6,222
spider/bike_1/0005,,19,70,medium,1,9,7,71,492,5807,7,7,70,490,5748,2,1,2,59
spider/bike_1/0006,,11,45,medium,1,12,11,9960,109550,1208830,11,11,9959,109549,1208814,1,1,1,16
spider/bike_1/0007,,19,72,medium,1,13,11,9960,109551,1208863,11,11,9959,109549,1208814,2,1,2,49
spider/bike_1/0008,,19,101,hard,1,26,24,3670,87970,319235,24,24,3665,87960,319068,2,5,10,167
spider/bike_1/0009,,8,40,easy,1,12,11,9960,109550,1208848,11,11,9959,109549,1208814,1,1,1,34
spider/bike_1/0010,,8,40,easy,1,8,7,71,491,5777,7,7,70,490,5748,1,1,1,29
spider/bike_1/0011,,12,57,easy,1,8,7,71,491,5765,7,7,70,490,5748,1,1,1,17
spider/bike_1/0012,,26,114,medium,2,12,11,8575,34456,249469,11,11,8557,34438,249033,1,18,18,436
spider/bike_1/0013,,22,147,extra,1,13,11,9960,109551,1208903,11,11,9959,109549,1208814,2,1,2,89
spider/bike_1/0014,,19,95,extra,1,12,11,9960,109550,1208832,11,11,9959,109549,1208814,1,1,1,18
spider/bike_1/0015,,19,85,medium,1,25,24,3666,87961,319088,24,24,3665,87960,319068,1,1,1,20
spider/bike_1/0017,,28,148,hard,2,12,11,8571,34452,249097,11,11,8557,34438,249033,1,14,14,64
spider/bike_1/0018,,50,227,extra,2,13,11,8562,34448,249215,11,11,8557,34438,249033,2,5,10,182
spider/bike_1/0019,,19,107,extra,1,25,24,3668,87963,319094,24,24,3665,87960,319068,1,3,3,26
spider/bike_1/0020,,15,99,hard,1,25,24,3666,87961,319089,24,24,3665,87960,319068,1,1,1,21
spider/bike_1/0021,,23,127,extra,2,12,11,8558,34439,249079,11,11,8557,34438,249033,1,1,1,46
spider/bike_1/0022,,27,149,extra,2,12,11,8558,34439,249070,11,11,8557,34438,249033,1,1,1,37
spider/bike_1/0023,,15,65,medium,1,26,24,4167,88964,327550,24,24,3665,87960,319068,2,502,1004,8482
spider/bike_1/0024,,31,136,medium,2,36,34,13629,197514,1527930,35,34,13624,197509,1527882,1,5,5,48
spider/bike_1/0025,,17,94,medium,1,26,24,3670,87970,319145,24,24,3665,87960,319068,2,5,10,77
spider/bike_1/0026,,27,139,extra,1,26,24,3668,87966,319145,24,24,3665,87960,319068,2,3,6,77
spider/bike_1/0027,,23,105,medium,2,20,17,19988,129957,1393521,18,17,10029,110039,1214562,2,9959,19918,178959
spider/bike_1/0028,,25,114,hard,2,19,17,10030,110040,1214578,18,17,10029,110039,1214562,1,1,1,16
spider/bike_1/0029,,25,112,medium,2,19,17,10030,110040,1214581,18,17,10029,110039,1214562,1,1,1,19
spider/bike_1/0030,,25,92,medium,1,25,24,4252,88547,325497,24,24,3665,87960,319068,1,587,587,6429
spider/bike_1/0031,,28,128,hard,2,12,11,8584,34465,249149,11,11,8557,34438,249033,1,27,27,116
spider/bike_1/0032,,42,188,extra,2,12,11,8573,34454,249438,11,11,8557,34438,249033,1,16,16,405
spider/bike_1/0033,,17,70,medium,1,10,7,71,493,5830,7,7,70,490,5748,3,1,3,82
spider/bike_1/0034,,17,115,medium,1,27,24,3668,87969,319172,24,24,3665,87960,319068,3,3,9,104
spider/bike_1/0035,,17,77,medium,1,9,7,72,494,5802,7,7,70,490,5748,2,2,4,54
spider/bike_1/0036,,17,111,medium,1,13,11,9978,109587,1209376,11,11,9959,109549,1208814,2,19,38,562
spider/bike_1/0037,,16,85,easy,1,25,24,3669,87964,319110,24,24,3665,87960,319068,1,4,4,42
spider/bike_1/0038,,13,61,medium,1,8,7,75,495,5823,7,7,70,490,5748,1,5,5,75
spider/bike_1/0039,,14,72,medium,1,26,24,3670,87970,319154,24,24,3665,87960,319068,2,5,10,86
spider/bike_1/0040,,14,67,medium,1,13,11,9962,109555,1208878,11,11,9959,109549,1208814,2,3,6,64
spider/bike_1/0041,,32,150,medium,2,21,17,10098,110246,1218528,18,17,10029,110039,1214562,3,69,207,3966
spider/bike_1/0042,,32,145,medium,2,21,17,10099,110249,1217433,18,17,10029,110039,1214562,3,70,210,2871
spider/bike_1/0043,,12,65,easy,1,12,11,9976,109566,1209230,11,11,9959,109549,1208814,1,17,17,416
spider/bike_1/0044,,18,110,hard,1,25,24,3668,87963,319103,24,24,3665,87960,319068,1,3,3,35
spider/bike_1/0045,,24,107,hard,1,12,11,14830,114420,1247790,11,11,9959,109549,1208814,1,4871,4871,38976
spider/bike_1/0046,,14,81,easy,1,25,24,3752,88047,320069,24,24,3665,87960,319068,1,87,87,1001
spider/bike_1/0048,,30,138,medium,2,13,11,8566,34456,249314,11,11,8557,34438,249033,2,9,18,281
spider/bike_1/0049,,30,154,hard,2,36,34,13625,197510,1527903,35,34,13624,197509,1527882,1,1,1,21
spider/bike_1/0050,,26,138,hard,2,19,17,10034,110044,1214694,18,17,10029,110039,1214562,1,5,5,132
spider/bike_1/0051,,,224,extra,2,19,17,10030,110040,1214579,18,17,10029,110039,1214562,1,1,1,17
spider/bike_1/0052,,27,105,medium,2,20,17,10030,110041,1214637,18,17,10029,110039,1214562,2,1,2,75
spider/body_builder/0001,,6,33,easy,1,6,5,6,26,206,5,5,5,25,189,1,1,1,17
spider/body_builder/0002,,9,49,easy,1,6,5,10,30,236,5,5,5,25,189,1,5,5,47
spider/body_builder/0003,,12,70,medium,1,7,5,10,35,283,5,5,5,25,189,2,5,10,94
spider/body_builder/0004,,8,36,easy,1,6,5,6,26,214,5,5,5,25,189,1,1,1,25
spider/body_builder/0005,,11,63,medium,1,6,5,6,26,213,5,5,5,25,189,1,1,1,24
spider/body_builder/0006,,9,49,easy,1,7,6,12,42,606,6,6,6,36,481,1,6,6,125
spider/body_builder/0007,,19,87,easy,2,12,10,16,66,746,11,10,11,61,670,1,5,5,76
spider/body_builder/0008,,26,108,medium,2,12,10,15,65,731,11,10,11,61,670,1,4,4,61
spider/body_builder/0009,,25,119,hard,2,12,10,12,62,692,11,10,11,61,670,1,1,1,22
spider/body_builder/0010,,29,147,hard,2,13,10,12,63,744,11,10,11,61,670,2,1,2,74
spider/body_builder/0011,,26,110,medium,2,12,10,13,63,697,11,10,11,61,670,1,2,2,27
spider/body_builder/0012,,28,115,medium,2,12,10,12,62,697,11,10,11,61,670,1,1,1,27
spider/body_builder/0013,,23,110,medium,2,12,10,16,66,746,11,10,11,61,670,1,5,5,76
spider/body_builder/0014,,11,68,medium,1,8,6,12,48,670,6,6,6,36,481,2,6,12,189
spider/body_builder/0015,,13,82,hard,1,7,6,7,37,522,6,6,6,36,481,1,1,1,41
spider/body_builder/0017,,12,61,medium,1,8,6,12,48,580,6,6,6,36,481,2,6,12,99
spider/body_builder/0018,,6,26,easy,1,10,5,10,50,378,5,5,5,25,189,5,5,25,189
spider/body_builder/0019,,32,161,extra,2,13,10,12,63,732,11,10,11,61,670,2,1,2,62
spider/body_builder/0020,,8,46,easy,1,7,6,7,37,517,6,6,6,36,481,1,1,1,36
spider/body_builder/0021,,15,96,extra,2,12,10,12,62,687,11,10,11,61,670,1,1,1,17
spider/body_builder/0022,,34,133,hard,2,12,10,13,63,695,11,10,11,61,670,1,2,2,25
spider/body_builder/0023,,26,126,hard,2,12,10,12,62,689,11,10,11,61,670,1,1,1,19
spider/body_builder/0024,,8,36,easy,1,6,5,6,26,214,5,5,5,25,189,1,1,1,25
spider/book_2/0001,,6,25,easy,1,5,4,11,41,448,4,4,10,40,430,1,1,1,18
spider/book_2/0002,,9,43,easy,1,5,4,20,50,601,4,4,10,40,430,1,10,10,171
spider/book_2/0003,,9,42,easy,1,5,4,20,50,613,4,4,10,40,430,1,10,10,183
spider/book_2/0004,,12,51,easy,1,5,4,19,49,602,4,4,10,40,430,1,9,9,172
spider/book_2/0005,,9,37,medium,1,6,4,20,60,667,4,4,10,40,430,2,10,20,237
spider/book_2/0006,,9,60,easy,1,6,5,14,42,446,5,5,7,35,337,1,7,7,109
spider/book_2/0007,,12,64,easy,1,6,5,9,37,378,5,5,7,35,337,1,2,2,41
spider/book_2/0008,,11,61,medium,1,6,5,8,36,361,5,5,7,35,337,1,1,1,24
spider/book_2/0009,,11,67,medium,1,6,5,10,38,397,5,5,7,35,337,1,3,3,60
spider/book_2/0010,,23,109,medium,2,11,8,24,89,1012,9,8,17,75,767,2,7,14,245
spider/book_2/0011,,26,107,medium,2,10,8,20,78,820,9,8,17,75,767,1,3,3,53
spider/book_2/0012,,23,104,medium,2,10,8,24,82,911,9,8,17,75,767,1,7,7,144
spider/book_2/0013,,14,72,easy,1,6,5,9,37,368,5,5,7,35,337,1,2,2,31
spider/book_2/0014,,11,69,medium,1,7,5,12,45,438,5,5,7,35,337,2,5,10,101
spider/book_2/0015,,13,97,hard,1,6,5,8,36,372,5,5,7,35,337,1,1,1,35
spider/book_2/0016,,14,59,easy,1,5,4,12,42,473,4,4,10,40,430,1,2,2,43
spider/book_2/0017,,15,86,hard,2,10,8,20,78,817,9,8,17,75,767,1,3,3,50
spider/book_2/0018,,24,126,hard,1,6,5,8,36,361,5,5,7,35,337,1,1,1,24
spider/book_2/0019,,8,57,easy,1,6,5,8,36,379,5,5,7,35,337,1,1,1,42
spider/book_2/0020,,19,81,medium,1,6,5,9,37,371,5,5,7,35,337,1,2,2,34
spider/browser_web/0001,,12,52,easy,1,4,3,5,13,124,3,3,4,12,107,1,1,1,17
spider/browser_web/0002,,9,51,easy,1,4,3,8,16,160,3,3,4,12,107,1,4,4,53
spider/browser_web/0003,,12,56,medium,1,6,3,8,24,214,3,3,4,12,107,3,4,12,107
spider/browser_web/0004,,18,89,medium,1,6,3,5,15,196,3,3,4,12,107,3,1,3,89
spider/browser_web/0005,,15,65,medium,1,5,3,5,14,141,3,3,4,12,107,2,1,2,34
spider/browser_web/0006,,15,96,medium,1,7,5,37,131,2099,5,5,19,95,1382,2,18,36,717
spider/browser_web/0007,,45,226,hard,3,12,9,33,135,1657,11,9,32,134,1640,1,1,1,17
spider/browser_web/0008,,32,169,medium,2,10,8,31,128,1585,8,8,28,122,1533,2,3,6,52
spider/browser_web/0009,,31,160,extra,2,8,6,14,41,296,6,6,13,39,258,2,1,2,38
spider/browser_web/0010,,45,243,hard,3,12,9,33,135,1673,11,9,32,134,1640,1,1,1,33
spider/browser_web/0011,,8,57,easy,1,6,5,20,96,1413,5,5,19,95,1382,1,1,1,31
spider/browser_web/0012,,15,129,extra,2,9,8,29,123,1551,8,8,28,122,1533,1,1,1,18
spider/browser_web/0013,,37,200,hard,3,12,9,35,137,1678,11,9,32,134,1640,1,3,3,38
spider/browser_web/0014,,74,400,extra,3,12,9,34,136,1678,11,9,32,134,1640,1,2,2,38
spider/browser_web/0015,,50,287,extra,3,13,9,49,168,2376,11,9,32,134,1640,2,17,34,736
spider/browser_web/0016,,12,65,medium,1,6,5,20,96,1405,5,5,19,95,1382,1,1,1,23
spider/browser_web/0017,,11,94,medium,1,7,5,33,123,1877,5,5,19,95,1382,2,14,28,495
spider/browser_web/0018,,38,218,hard,3,13,9,41,152,1847,11,9,32,134,1640,2,9,18,207
spider/candidate_poll/0001,,6,30,easy,1,9,8,7,49,510,8,8,6,48,493,1,1,1,17
spider/candidate_poll/0002,,13,85,hard,1,9,8,7,49,525,8,8,6,48,493,1,1,1,32
spider/candidate_poll/0003,,11,69,medium,1,9,8,9,51,530,8,8,6,48,493,1,3,3,37
spider/candidate_poll/0004,,11,63,medium,1,9,8,7,49,514,8,8,6,48,493,1,1,1,21
spider/candidate_poll/0005,,15,97,medium,1,11,8,12,66,641,8,8,6,48,493,3,6,18,148
spider/candidate_poll/0006,,11,67,medium,1,9,8,7,49,525,8,8,6,48,493,1,1,1,32
spider/candidate_poll/0007,,9,46,easy,1,7,6,18,63,644,6,6,9,54,471,1,9,9,173
spider/candidate_poll/0008,,19,66,medium,1,8,6,10,56,544,6,6,9,54,471,2,1,2,73
spider/candidate_poll/0009,,19,60,medium,1,7,6,11,56,510,6,6,9,54,471,1,2,2,39
spider/candidate_poll/0010,,18,75,medium,1,9,6,11,60,553,6,6,9,54,471,3,2,6,82
spider/candidate_poll/0011,,29,137,hard,2,16,13,16,104,1003,14,13,15,102,964,2,1,2,39
spider/candidate_poll/0012,,31,140,medium,2,17,13,17,108,1054,14,13,15,102,964,3,2,6,90
spider/candidate_poll/0013,,30,141,extra,2,15,13,16,103,976,14,13,15,102,964,1,1,1,12
spider/candidate_poll/0014,,15,89,hard,2,15,13,18,105,1035,14,13,15,102,964,1,3,3,71
spider/candidate_poll/0015,,27,123,medium,2,15,13,21,108,1076,14,13,15,102,964,1,6,6,112
spider/candidate_poll/0016,,17,70,medium,1,8,6,11,58,503,6,6,9,54,471,2,2,4,32
spider/candidate_poll/0017,,18,91,medium,1,11,8,7,51,578,8,8,6,48,493,3,1,3,85
spider/candidate_poll/0019,,18,80,hard,1,7,6,13,58,556,6,6,9,54,471,1,4,4,85
spider/candidate_poll/0020,,6,20,easy,1,12,6,18,108,942,6,6,9,54,471,6,9,54,471
spider/chinook_1/0001,,6,26,easy,1,4,3,348,1042,11195,3,3,347,1041,11176,1,1,1,19
spider/chinook_1/0002,,6,22,easy,1,3,2,50,75,646,2,2,25,50,362,1,25,25,284
spider/chinook_1/0003,,12,41,easy,1,26,13,60,780,7124,13,13,59,767,6849,13,1,13,275
spider/chinook_1/0004,,15,70,medium,1,17,15,13,130,1706,15,15,8,120,1601,2,5,10,105
spider/chinook_1/0005,,6,44,easy,1,10,9,436,3732,32286,9,9,412,3708,32045,1,24,24,241
spider/chinook_1/0006,,12,45,medium,1,3,2,486,761,12699,2,2,275,550,7300,1,211,211,5399
spider/chinook_1/0007,,25,100,medium,2,6,4,624,1593,18545,5,4,622,1591,18476,1,2,2,69
spider/chinook_1/0008,,25,107,medium,2,6,4,623,1592,18494,5,4,622,1591,18476,1,1,1,18
spider/chinook_1/0009,,26,115,medium,2,6,4,623,1592,18494,5,4,622,1591,18476,1,1,1,18
spider/chinook_1/0010,,27,126,extra,2,6,4,623,1592,18499,5,4,622,1591,18476,1,1,1,23
spider/chinook_1/0011,,12,46,medium,1,10,9,3695,31719,249965,9,9,3503,31527,245275,1,192,192,4690
spider/chinook_1/0012,,8,32,easy,1,10,9,3504,31528,245316,9,9,3503,31527,245275,1,1,1,41
spider/chinook_1/0013,,13,61,medium,1,11,9,3504,31529,245334,9,9,3503,31527,245275,2,1,2,59
spider/chinook_1/0014,,29,132,medium,2,15,11,4197,33609,267317,12,11,3850,32568,256451,3,347,1041,10866
spider/chinook_1/0015,,27,126,extra,2,12,9,3529,31578,245653,11,9,3528,31577,245637,1,1,1,16
spider/chinook_1/0016,,27,141,extra,2,12,9,3509,31538,245461,11,9,3508,31537,245425,1,1,1,36
spider/chinook_1/0017,,33,138,hard,2,14,11,3862,32592,256813,12,11,3850,32568,256451,2,12,24,362
spider/chinook_1/0018,,25,99,medium,2,12,9,3529,31578,245657,11,9,3528,31577,245637,1,1,1,20
spider/chinook_1/0019,,27,105,medium,2,12,9,3529,31578,245678,11,9,3528,31577,245637,1,1,1,41
spider/chinook_1/0020,,15,84,medium,1,15,13,60,769,6895,13,13,59,767,6849,2,1,2,46
spider/chinook_1/0021,,12,60,medium,1,14,13,60,768,6866,13,13,59,767,6849,1,1,1,17
spider/chinook_1/0022,,30,144,medium,2,30,18,68,889,8493,28,18,67,887,8450,2,1,2,43
spider/chinook_1/0023,,26,119,medium,2,29,18,68,888,8469,28,18,67,887,8450,1,1,1,19
spider/chinook_1/0024,,8,41,easy,1,16,15,9,121,1630,15,15,8,120,1601,1,1,1,29
spider/chinook_1/0025,,33,149,medium,2,23,21,478,4482,39063,22,21,471,4475,38894,1,7,7,169
spider/chinook_1/0026,,32,147,hard,2,23,21,526,4530,39409,22,21,471,4475,38894,1,55,55,515
spider/chinook_1/0027,,26,128,medium,2,23,21,476,4480,38955,22,21,471,4475,38894,1,5,5,61
spider/chinook_1/0028,,26,127,medium,2,23,21,475,4479,38995,22,21,471,4475,38894,1,4,4,101
spider/chinook_1/0029,,6,26,easy,1,16,15,16,128,1763,15,15,8,120,1601,1,8,8,162
spider/chinook_1/0030,,25,121,medium,2,12,9,3509,31538,245443,11,9,3508,31537,245425,1,1,1,18
spider/chinook_1/0031,,35,130,hard,2,12,9,3529,31578,245680,11,9,3528,31577,245637,1,1,1,43
spider/chinook_1/0032,,32,165,medium,2,30,18,70,893,8511,28,18,67,887,8450,2,3,6,61
spider/chinook_1/0033,,28,140,medium,2,29,18,69,889,8481,28,18,67,887,8450,1,2,2,31
spider/chinook_1/0034,,9,38,easy,1,4,3,694,1388,19833,3,3,347,1041,11176,1,347,347,8657
spider/chinook_1/0036,,25,109,hard,2,6,4,693,1662,19968,5,4,622,1591,18476,1,71,71,1492
spider/chinook_1/0037,,28,108,medium,2,12,9,3529,31578,245681,11,9,3528,31577,245637,1,1,1,44
spider/chinook_1/0038,,32,133,extra,2,13,9,3529,31579,245697,11,9,3528,31577,245637,2,1,2,60
spider/chinook_1/0039,,12,54,easy,1,16,15,9,121,1642,15,15,8,120,1601,1,1,1,41
spider/chinook_1/0040,,6,37,easy,1,10,9,3505,31529,245303,9,9,3503,31527,245275,1,2,2,28
spider/chinook_1/0041,,15,87,extra,2,6,4,623,1592,18494,5,4,622,1591,18476,1,1,1,18
spider/chinook_1/0042,,74,307,extra,3,15,11,3876,32619,256839,14,11,3875,32618,256813,1,1,1,26
spider/cinema/0001,,18,83,hard,1,6,5,15,55,522,5,5,10,50,434,1,5,5,88
spider/cinema/0002,,24,123,hard,1,6,5,11,51,466,5,5,10,50,434,1,1,1,32
spider/cinema/0003,,6,27,easy,1,6,5,11,51,452,5,5,10,50,434,1,1,1,18
spider/cinema/0004,,12,62,medium,1,8,5,20,80,680,5,5,10,50,434,3,10,30,246
spider/cinema/0005,,21,101,extra,1,7,5,12,54,508,5,5,10,50,434,2,2,4,74
spider/cinema/0006,,6,36,easy,1,6,5,17,57,552,5,5,10,50,434,1,7,7,118
spider/cinema/0007,,12,73,medium,1,7,5,20,70,626,5,5,10,50,434,2,10,20,192
spider/cinema/0008,,14,71,medium,1,7,5,11,52,481,5,5,10,50,434,2,1,2,47
spider/cinema/0009,,24,104,medium,1,8,5,11,53,517,5,5,10,50,434,3,1,3,83
spider/cinema/0010,,11,62,medium,1,7,5,17,64,579,5,5,10,50,434,2,7,14,145
spider/cinema/0011,,19,104,extra,1,6,5,11,51,466,5,5,10,50,434,1,1,1,32
spider/cinema/0012,,20,87,medium,1,6,5,11,51,462,5,5,10,50,434,1,1,1,28
spider/cinema/0013,,9,42,medium,1,9,7,10,45,854,7,7,5,35,591,2,5,10,263
spider/cinema/0014,,6,37,easy,1,8,7,7,37,649,7,7,5,35,591,1,2,2,58
spider/cinema/0015,,11,66,medium,1,9,7,7,39,666,7,7,5,35,591,2,2,4,75
spider/cinema/0016,,28,140,medium,2,12,9,22,95,748,10,9,17,85,642,2,5,10,106
spider/cinema/0017,,28,120,medium,2,14,11,17,80,1009,12,11,12,70,799,2,5,10,210
spider/cinema/0018,,42,176,medium,3,21,15,29,148,1644,17,15,22,120,1233,4,7,28,411
spider/cinema/0020,,30,157,extra,2,13,11,13,71,832,12,11,12,70,799,1,1,1,33
spider/cinema/0021,,20,86,medium,1,6,5,11,51,462,5,5,10,50,434,1,1,1,28
spider/cinema/0022,,12,52,medium,1,8,7,6,36,608,7,7,5,35,591,1,1,1,17
spider/city_record/0001,,11,61,medium,1,4,3,7,19,118,3,3,6,18,99,1,1,1,19
spider/city_record/0002,,12,82,easy,1,7,6,10,40,736,6,6,6,36,710,1,4,4,26
spider/city_record/0003,,26,104,medium,2,10,9,22,99,1025,9,9,19,96,953,1,3,3,72
spider/city_record/0004,,27,136,extra,2,10,9,20,97,984,9,9,19,96,953,1,1,1,31
spider/city_record/0005,,45,227,hard,3,16,14,27,134,1775,15,14,25,132,1663,1,2,2,112
spider/city_record/0006,,26,106,medium,2,19,17,22,175,1448,18,17,21,174,1432,1,1,1,16
spider/city_record/0007,,26,122,medium,2,10,9,20,97,969,9,9,19,96,953,1,1,1,16
spider/city_record/0008,,11,63,medium,1,7,6,16,81,917,6,6,13,78,854,1,3,3,63
spider/city_record/0009,,14,54,medium,1,8,6,14,80,901,6,6,13,78,854,2,1,2,47
spider/city_record/0010,,25,109,hard,2,19,17,22,175,1462,18,17,21,174,1432,1,1,1,30
spider/city_record/0011,,36,123,medium,2,19,17,29,182,1598,18,17,21,174,1432,1,8,8,166
spider/city_record/0012,,46,202,extra,3,22,20,31,196,1612,21,20,27,192,1531,1,4,4,81
spider/city_record/0013,,46,193,extra,3,22,20,29,194,1585,21,20,27,192,1531,1,2,2,54
spider/city_record/0014,,46,192,extra,3,22,20,32,197,1634,21,20,27,192,1531,1,5,5,103
spider/city_record/0015,,12,58,easy,1,7,6,15,80,894,6,6,13,78,854,1,2,2,40
spider/city_record/0016,,24,122,hard,1,7,6,20,85,1005,6,6,13,78,854,1,7,7,151
spider/city_record/0017,,11,67,medium,1,8,6,9,42,832,6,6,6,36,710,2,3,6,122
spider/city_record/0018,,9,42,easy,1,7,6,12,42,1026,6,6,6,36,710,1,6,6,316
spider/city_record/0019,,11,62,medium,1,7,6,14,79,873,6,6,13,78,854,1,1,1,19
spider/city_record/0020,,32,155,medium,2,11,9,20,98,1003,9,9,19,96,953,2,1,2,50
spider/climbing/0001,,6,28,easy,1,7,6,11,61,582,6,6,10,60,564,1,1,1,18
spider/climbing/0002,,9,45,easy,1,7,6,20,70,745,6,6,10,60,564,1,10,10,181
spider/climbing/0003,,12,55,easy,1,7,6,19,69,723,6,6,10,60,564,1,9,9,159
spider/climbing/0004,,14,64,easy,1,7,6,11,61,587,6,6,10,60,564,1,1,1,23
spider/climbing/0005,,8,43,easy,1,7,6,11,61,596,6,6,10,60,564,1,1,1,32
spider/climbing/0006,,9,43,easy,1,7,6,14,49,733,6,6,7,42,521,1,7,7,212
spider/climbing/0007,,12,48,easy,1,7,6,11,46,578,6,6,7,42,521,1,4,4,57
spider/climbing/0008,,11,54,medium,1,7,6,8,43,548,6,6,7,42,521,1,1,1,27
spider/climbing/0009,,11,68,medium,1,7,6,10,45,568,6,6,7,42,521,1,3,3,47
spider/climbing/0010,,23,104,medium,2,14,9,27,122,1526,12,9,17,102,1085,2,10,20,441
spider/climbing/0011,,23,106,medium,2,14,9,27,122,1348,12,9,17,102,1085,2,10,20,263
spider/climbing/0012,,25,122,hard,2,13,9,18,103,1106,12,9,17,102,1085,1,1,1,21
spider/climbing/0013,,26,131,medium,2,13,9,21,106,1181,12,9,17,102,1085,1,4,4,96
spider/climbing/0014,,26,116,medium,2,13,9,19,104,1117,12,9,17,102,1085,1,2,2,32
spider/climbing/0015,,11,61,medium,1,8,6,13,66,639,6,6,10,60,564,2,3,6,75
spider/climbing/0016,,14,65,easy,1,7,6,10,45,559,6,6,7,42,521,1,3,3,38
spider/climbing/0017,,15,93,hard,2,13,9,19,104,1169,12,9,17,102,1085,1,2,2,84
spider/climbing/0018,,24,111,hard,1,7,6,8,43,544,6,6,7,42,521,1,1,1,23
spider/climbing/0019,,13,72,hard,1,7,6,8,43,542,6,6,7,42,521,1,1,1,21
spider/climbing/0020,,19,68,medium,1,7,6,11,46,634,6,6,7,42,521,1,4,4,113
spider/club_1/0001,,6,25,easy,1,5,4,5,17,350,4,4,4,16,333,1,1,1,17
spider/club_1/0002,,6,25,easy,1,5,4,8,20,429,4,4,4,16,333,1,4,4,96
spider/club_1/0003,,6,28,easy,1,9,8,35,273,1329,8,8,34,272,1311,1,1,1,18
spider/club_1/0004,,6,34,easy,1,9,8,58,296,1492,8,8,34,272,1311,1,24,24,181
spider/club_1/0005,,37,163,hard,3,16,13,44,302,1784,15,13,42,300,1761,1,2,2,23
spider/club_1/0006,,37,174,hard,3,16,13,43,301,1780,15,13,42,300,1761,1,1,1,19
spider/club_1/0007,,36,158,hard,3,16,13,43,301,1778,15,13,42,300,1761,1,1,1,17
spider/club_1/0008,,36,167,hard,3,16,13,43,301,1778,15,13,42,300,1761,1,1,1,17
spider/club_1/0009,,44,174,hard,3,16,13,43,301,1778,15,13,42,300,1761,1,1,1,17
spider/club_1/0010,,44,172,hard,3,16,13,43,301,1778,15,13,42,300,1761,1,1,1,17
spider/club_1/0011,,49,199,hard,3,17,13,43,302,1795,15,13,42,300,1761,2,1,2,34
spider/club_1/0013,,49,203,hard,3,17,13,44,304,1806,15,13,42,300,1761,2,2,4,45
spider/club_1/0014,,45,202,extra,3,16,13,43,301,1793,15,13,42,300,1761,1,1,1,32
spider/club_1/0015,,45,198,extra,3,16,13,43,301,1788,15,13,42,300,1761,1,1,1,27
spider/club_1/0016,,12,56,easy,1,5,4,5,17,375,4,4,4,16,333,1,1,1,42
spider/club_1/0017,,12,65,easy,1,5,4,5,17,384,4,4,4,16,333,1,1,1,51
spider/club_1/0018,,12,60,easy,1,5,4,5,17,356,4,4,4,16,333,1,1,1,23
spider/club_1/0019,,12,69,easy,1,5,4,5,17,356,4,4,4,16,333,1,1,1,23
spider/club_1/0020,,12,76,easy,1,5,4,5,17,356,4,4,4,16,333,1,1,1,23
spider/club_1/0021,,12,52,easy,1,5,4,7,19,407,4,4,4,16,333,1,3,3,74
spider/club_1/0022,,12,52,easy,1,5,4,5,17,350,4,4,4,16,333,1,1,1,17
spider/club_1/0023,,49,212,hard,3,17,13,43,302,1795,15,13,42,300,1761,2,1,2,34
spider/club_1/0024,,49,217,hard,3,17,13,43,302,1796,15,13,42,300,1761,2,1,2,35
spider/club_1/0025,,28,140,medium,2,8,6,9,29,486,7,6,8,28,450,1,1,1,36
spider/club_1/0026,,44,181,hard,3,16,13,43,301,1778,15,13,42,300,1761,1,1,1,17
spider/club_1/0027,,44,181,hard,3,16,13,43,301,1778,15,13,42,300,1761,1,1,1,17
spider/club_1/0028,,37,163,hard,3,16,13,44,302,1822,15,13,42,300,1761,1,2,2,61
spider/club_1/0029,,37,163,hard,3,16,13,43,301,1793,15,13,42,300,1761,1,1,1,32
spider/club_1/0030,,47,190,hard,3,16,13,43,301,1797,15,13,42,300,1761,1,1,1,36
spider/club_1/0032,,37,160,hard,3,16,13,43,301,1793,15,13,42,300,1761,1,1,1,32
spider/club_1/0033,,39,166,hard,3,16,13,43,301,1785,15,13,42,300,1761,1,1,1,24
spider/club_1/0034,,39,177,hard,3,16,13,43,301,1785,15,13,42,300,1761,1,1,1,24
spider/club_1/0035,,39,161,hard,3,16,13,43,301,1785,15,13,42,300,1761,1,1,1,24
spider/coffee_shop/0001,,12,59,easy,1,8,7,11,71,569,7,7,10,70,552,1,1,1,17
spider/coffee_shop/0002,,11,60,medium,1,9,7,14,78,629,7,7,10,70,552,2,4,8,77
spider/coffee_shop/0003,,19,76,medium,1,8,7,14,74,633,7,7,10,70,552,1,4,4,81
spider/coffee_shop/0004,,22,87,extra,1,9,7,16,82,699,7,7,10,70,552,2,6,12,147
spider/coffee_shop/0005,,15,89,medium,1,10,7,20,100,760,7,7,10,70,552,3,10,30,208
spider/coffee_shop/0006,,14,79,easy,1,8,7,11,71,580,7,7,10,70,552,1,1,1,28
spider/coffee_shop/0007,,24,97,hard,1,8,7,11,71,575,7,7,10,70,552,1,1,1,23
spider/coffee_shop/0008,,24,138,hard,1,8,7,11,71,580,7,7,10,70,552,1,1,1,28
spider/coffee_shop/0009,,12,55,easy,1,8,7,11,71,569,7,7,10,70,552,1,1,1,17
spider/coffee_shop/0010,,18,92,hard,1,8,7,11,71,575,7,7,10,70,552,1,1,1,23
spider/coffee_shop/0011,,9,43,easy,1,6,5,20,60,616,5,5,10,50,411,1,10,10,205
spider/coffee_shop/0012,,13,53,medium,1,7,5,11,52,462,5,5,10,50,411,2,1,2,51
spider/coffee_shop/0013,,21,93,extra,1,7,5,16,62,563,5,5,10,50,411,2,6,12,152
spider/coffee_shop/0014,,18,108,extra,2,11,8,25,100,738,9,8,20,90,599,2,5,10,139
spider/coffee_shop/0015,,29,121,medium,2,11,8,23,96,689,9,8,20,90,599,2,3,6,90
spider/coffee_shop/0016,,16,95,hard,1,6,4,11,42,219,4,4,10,40,188,2,1,2,31
spider/coffee_shop/0017,,13,74,hard,1,5,4,11,41,204,4,4,10,40,188,1,1,1,16
spider/coffee_shop/0018,,14,63,easy,1,5,4,12,42,211,4,4,10,40,188,1,2,2,23
spider/college_1/0001,,24,120,medium,2,12,9,34,177,1403,11,9,33,176,1386,1,1,1,17
spider/college_1/0002,,14,70,easy,1,7,6,14,79,738,6,6,13,78,705,1,1,1,33
spider/college_1/0003,,40,189,hard,3,20,15,72,439,3246,18,15,70,435,3189,2,2,4,57
spider/college_1/0004,,29,149,medium,2,15,13,52,341,2578,13,13,50,337,2508,2,2,4,70
spider/college_1/0005,,25,114,medium,2,14,13,51,338,2525,13,13,50,337,2508,1,1,1,17
spider/college_1/0006,,12,65,easy,1,7,6,12,67,687,6,6,11,66,665,1,1,1,22
spider/college_1/0007,,15,80,medium,1,6,4,7,26,368,4,4,6,24,301,2,1,2,67
spider/college_1/0008,,12,63,easy,1,7,6,12,67,703,6,6,11,66,665,1,1,1,38
spider/college_1/0009,,14,77,easy,1,7,6,12,67,702,6,6,11,66,665,1,1,1,37
spider/college_1/0010,,13,92,medium,1,8,6,13,70,731,6,6,11,66,665,2,2,4,66
spider/college_1/0011,,15,79,medium,1,6,4,7,26,364,4,4,6,24,301,2,1,2,63
spider/college_1/0012,,13,89,medium,1,8,6,13,70,728,6,6,11,66,665,2,2,4,63
spider/college_1/0013,,21,126,medium,1,8,6,12,68,719,6,6,11,66,665,2,1,2,54
spider/college_1/0014,,11,61,medium,1,8,6,19,90,798,6,6,13,78,705,2,6,12,93
spider/college_1/0015,,13,71,medium,1,6,4,8,28,357,4,4,6,24,301,2,2,4,56
spider/college_1/0016,,17,86,medium,1,8,6,17,86,774,6,6,13,78,705,2,4,8,69
spider/college_1/0017,,23,116,medium,2,12,9,21,106,1049,10,9,19,102,1006,2,2,4,43
spider/college_1/0018,,36,179,hard,3,18,14,31,170,1709,16,14,30,168,1671,2,1,2,38
spider/college_1/0019,,25,136,medium,2,13,9,35,180,1434,11,9,33,176,1386,2,2,4,48
spider/college_1/0020,,16,101,hard,1,9,7,38,261,1842,7,7,37,259,1803,2,1,2,39
spider/college_1/0021,,27,145,extra,2,12,9,34,177,1408,11,9,33,176,1386,1,1,1,22
spider/college_1/0022,,17,100,medium,1,7,5,33,132,841,5,5,22,110,721,2,11,22,120
spider/college_1/0023,,11,65,medium,1,14,12,13,106,729,12,12,8,96,663,2,5,10,66
spider/college_1/0024,,13,69,medium,1,14,12,13,106,742,12,12,8,96,663,2,5,10,79
spider/college_1/0025,,23,111,medium,1,16,12,13,116,862,12,12,8,96,663,4,5,20,199
spider/college_1/0026,,36,175,extra,2,20,17,20,164,1407,18,17,19,162,1328,2,1,2,79
spider/college_1/0027,,8,50,easy,1,7,6,12,67,701,6,6,11,66,665,1,1,1,36
spider/college_1/0028,,8,44,easy,1,7,6,14,79,741,6,6,13,78,705,1,1,1,36
spider/college_1/0029,,8,42,easy,1,7,6,14,79,738,6,6,13,78,705,1,1,1,33
spider/college_1/0030,,8,48,easy,1,7,6,12,67,700,6,6,11,66,665,1,1,1,35
spider/college_1/0031,,24,129,medium,2,11,9,18,91,983,10,9,17,90,966,1,1,1,17
spider/college_1/0032,,14,75,easy,1,7,6,14,79,743,6,6,13,78,705,1,1,1,38
spider/college_1/0033,,28,132,medium,2,12,9,21,106,1066,10,9,19,102,1006,2,2,4,60
spider/college_1/0034,,41,199,extra,3,17,14,31,169,1710,16,14,30,168,1671,1,1,1,39
spider/college_1/0035,,25,114,medium,2,10,8,20,97,863,9,8,19,96,846,1,1,1,17
spider/college_1/0036,,37,164,hard,3,22,18,29,194,1539,21,18,27,192,1509,1,2,2,30
spider/college_1/0037,,45,192,hard,3,22,18,28,193,1533,21,18,27,192,1509,1,1,1,24
spider/college_1/0038,,6,29,easy,1,8,7,38,260,1821,7,7,37,259,1803,1,1,1,18
spider/college_1/0039,,12,63,easy,1,6,5,23,111,739,5,5,22,110,721,1,1,1,18
spider/college_1/0040,,47,217,extra,4,20,16,37,187,1829,19,16,36,186,1812,1,1,1,17
spider/college_1/0041,,49,240,extra,4,20,16,37,187,1851,19,16,36,186,1812,1,1,1,39
spider/college_1/0042,,9,51,easy,1,7,6,22,77,831,6,6,11,66,665,1,11,11,166
spider/college_1/0043,,12,56,easy,1,7,6,16,81,742,6,6,13,78,705,1,3,3,37
spider/college_1/0044,,15,74,medium,1,8,7,59,281,1989,7,7,37,259,1803,1,22,22,186
spider/college_1/0046,,14,73,medium,1,9,7,38,261,1846,7,7,37,259,1803,2,1,2,43
spider/college_1/0047,,23,111,hard,1,15,12,9,99,725,12,12,8,96,663,3,1,3,62
spider/college_1/0048,,24,114,medium,2,16,14,16,116,834,15,14,14,114,804,1,2,2,30
spider/college_1/0049,,27,141,extra,2,12,9,34,177,1412,11,9,33,176,1386,1,1,1,26
spider/college_1/0050,,38,203,extra,2,13,9,34,178,1443,11,9,33,176,1386,2,1,2,57
spider/college_1/0051,,31,149,hard,2,14,13,64,351,2630,13,13,50,337,2508,1,14,14,122
spider/college_1/0052,,56,263,extra,4,25,21,85,515,3924,24,21,83,513,3894,1,2,2,30
spider/college_1/0053,,41,194,hard,3,20,15,72,439,3254,18,15,70,435,3189,2,2,4,65
spider/college_1/0054,,41,198,hard,3,20,15,71,437,3241,18,15,70,435,3189,2,1,2,52
spider/college_1/0055,,30,144,medium,2,14,11,61,373,2593,12,11,59,369,2524,2,2,4,69
spider/college_1/0056,,37,164,hard,3,22,18,30,195,1550,21,18,27,192,1509,1,3,3,41
spider/college_1/0057,,52,240,extra,4,27,20,36,222,1921,25,20,33,216,1810,2,3,6,111
spider/college_1/0058,,19,92,medium,1,6,5,23,111,739,5,5,22,110,721,1,1,1,18
spider/college_1/0059,,33,153,hard,2,12,9,34,177,1403,11,9,33,176,1386,1,1,1,17
spider/college_1/0060,,50,238,extra,2,14,13,51,338,2531,13,13,50,337,2508,1,1,1,23
spider/college_1/0061,,118,569,extra,5,32,25,46,284,2505,31,25,44,282,2475,1,2,2,30
spider/college_1/0062,,39,167,hard,3,22,18,28,193,1551,21,18,27,192,1509,1,1,1,42
spider/college_1/0063,,17,93,medium,1,15,12,13,111,792,12,12,8,96,663,3,5,15,129
spider/college_1/0064,,24,116,hard,2,19,17,20,163,1355,18,17,19,162,1328,1,1,1,27
spider/college_1/0065,,21,105,extra,1,14,12,12,104,742,12,12,8,96,663,2,4,8,79
spider/college_1/0066,,31,168,extra,2,20,17,20,164,1390,18,17,19,162,1328,2,1,2,62
spider/college_1/0067,,34,185,extra,2,21,17,22,171,1479,18,17,19,162,1328,3,3,9,151
spider/college_1/0068,,49,230,hard,3,20,15,71,437,3236,18,15,70,435,3189,2,1,2,47
spider/college_1/0069,,23,104,medium,2,15,13,63,363,2744,13,13,50,337,2508,2,13,26,236
spider/college_1/0070,,34,158,medium,3,19,16,69,387,3216,17,16,56,361,2809,2,13,26,407
spider/college_1/0071,,49,229,hard,4,25,19,91,510,4062,22,19,78,471,3530,3,13,39,532
spider/college_1/0072,,64,303,extra,5,32,23,102,589,4943,28,23,89,537,4195,4,13,52,748
spider/college_1/0073,,49,228,hard,4,28,20,39,234,2070,25,20,33,216,1810,3,6,18,260
spider/college_1/0074,,38,159,hard,2,17,14,18,122,896,15,14,14,114,804,2,4,8,92
spider/college_1/0075,,52,241,extra,4,26,21,90,527,4031,24,21,83,513,3894,2,7,14,137
spider/college_1/0076,,52,277,extra,4,26,21,85,517,3957,24,21,83,513,3894,2,2,4,63
spider/college_1/0077,,34,139,medium,2,16,14,15,115,827,15,14,14,114,804,1,1,1,23
spider/college_1/0078,,49,231,hard,3,20,15,71,437,3235,18,15,70,435,3189,2,1,2,46
spider/college_1/0079,,28,125,medium,2,14,13,55,342,2563,13,13,50,337,2508,1,5,5,55
spider/college_1/0081,,26,135,hard,2,11,9,18,91,1005,10,9,17,90,966,1,1,1,39
spider/college_1/0082,,45,193,extra,3,22,18,28,193,1530,21,18,27,192,1509,1,1,1,21
spider/college_2/0001,,12,59,easy,1,4,3,40,100,608,3,3,30,90,507,1,10,10,101
spider/college_2/0002,,12,60,easy,1,4,3,31,91,525,3,3,30,90,507,1,1,1,18
spider/college_2/0003,,21,110,extra,1,5,3,32,84,867,3,3,20,60,614,2,12,24,253
spider/college_2/0004,,17,84,medium,1,5,3,37,104,624,3,3,30,90,507,2,7,14,117
spider/college_2/0005,,14,78,medium,1,5,3,21,62,659,3,3,20,60,614,2,1,2,45
spider/college_2/0006,,17,83,hard,1,5,4,2001,8001,53408,4,4,2000,8000,53391,1,1,1,17
spider/college_2/0007,,12,59,easy,1,4,3,31,91,524,3,3,30,90,507,1,1,1,17
spider/college_2/0008,,8,40,easy,1,3,2,2001,4001,25614,2,2,2000,4000,25582,1,1,1,32
spider/college_2/0009,,8,44,easy,1,5,4,201,801,6929,4,4,200,800,6894,1,1,1,35
spider/college_2/0010,,14,72,easy,1,5,4,201,801,6929,4,4,200,800,6894,1,1,1,35
spider/college_2/0011,,28,124,medium,2,7,5,315,1015,8110,6,5,300,1000,7823,1,15,15,287
spider/college_2/0012,,36,164,medium,2,9,5,318,1054,8407,6,5,300,1000,7823,3,18,54,584
spider/college_2/0013,,15,90,extra,2,7,5,301,1001,7842,6,5,300,1000,7823,1,1,1,19
spider/college_2/0014,,15,87,hard,2,7,5,421,1121,10036,6,5,300,1000,7823,1,121,121,2213
spider/college_2/0015,,8,39,easy,1,6,5,101,501,2466,5,5,100,500,2437,1,1,1,29
spider/college_2/0016,,21,91,medium,1,4,3,21,61,644,3,3,20,60,614,1,1,1,30
spider/college_2/0017,,12,61,medium,1,5,4,51,201,1761,4,4,50,200,1734,1,1,1,27
spider/college_2/0018,,19,79,medium,1,4,3,31,91,524,3,3,30,90,507,1,1,1,17
spider/college_2/0019,,21,108,extra,1,5,3,32,84,879,3,3,20,60,614,2,12,24,265
spider/college_2/0020,,17,82,hard,1,5,4,51,201,1755,4,4,50,200,1734,1,1,1,21
spider/college_2/0021,,24,125,hard,1,5,4,201,801,6920,4,4,200,800,6894,1,1,1,26
spider/college_2/0022,,24,118,hard,1,5,4,204,804,7008,4,4,200,800,6894,1,4,4,114
spider/college_2/0023,,38,138,extra,1,6,5,106,506,2485,5,5,100,500,2437,1,6,6,48
spider/college_2/0024,,32,111,hard,2,11,9,33524,189524,871529,10,9,32000,188000,859346,1,1524,1524,12183
spider/college_2/0025,,13,78,hard,1,5,4,203,803,6943,4,4,200,800,6894,1,3,3,49
spider/college_2/0026,,15,82,hard,1,5,4,201,801,6922,4,4,200,800,6894,1,1,1,28
spider/college_2/0027,,12,57,easy,1,5,4,400,1000,10602,4,4,200,800,6894,1,200,200,3708
spider/college_2/0028,,11,56,medium,1,4,3,21,61,641,3,3,20,60,614,1,1,1,27
spider/college_2/0029,,12,70,medium,1,5,3,40,100,1018,3,3,20,60,614,2,20,40,404
spider/college_2/0030,,11,56,medium,1,5,4,51,201,1753,4,4,50,200,1734,1,1,1,19
spider/college_2/0031,,9,40,easy,1,8,4,100,400,3468,4,4,50,200,1734,4,50,200,1734
spider/college_2/0032,,12,60,medium,1,6,4,4000,12000,88639,4,4,2000,8000,53391,2,2000,4000,35248
spider/college_2/0034,,28,111,medium,2,7,6,2100,4250,27756,6,6,2050,4200,27316,1,50,50,440
spider/college_2/0036,,17,85,medium,1,5,3,40,110,641,3,3,30,90,507,2,10,20,134
spider/college_2/0037,,18,92,medium,1,6,3,50,150,909,3,3,30,90,507,3,20,60,402
spider/college_2/0038,,14,59,easy,1,5,4,247,847,7775,4,4,200,800,6894,1,47,47,881
spider/college_2/0039,,13,68,medium,1,6,4,220,840,7199,4,4,200,800,6894,2,20,40,305
spider/college_2/0040,,27,134,extra,1,6,4,59,218,1945,4,4,50,200,1734,2,9,18,211
spider/college_2/0041,,16,91,medium,1,10,7,120,760,3561,7,7,100,700,3244,3,20,60,317
spider/college_2/0042,,13,69,hard,1,8,7,101,701,3261,7,7,100,700,3244,1,1,1,17
spider/college_2/0043,,18,105,hard,1,9,7,101,702,3279,7,7,100,700,3244,2,1,2,35
spider/college_2/0044,,13,79,hard,1,5,4,2001,8001,53418,4,4,2000,8000,53391,1,1,1,27
spider/college_2/0045,,11,65,medium,1,6,4,2020,8040,53700,4,4,2000,8000,53391,2,20,40,309
spider/college_2/0046,,18,98,hard,1,8,6,30001,180002,805990,6,6,30000,180000,805955,2,1,2,35
spider/college_2/0047,,25,99,medium,2,7,6,4117,12117,79790,6,6,4000,12000,78973,1,117,117,817
spider/college_2/0048,,41,161,hard,3,12,7,4167,12434,82837,10,7,4050,12200,80707,2,117,234,2130
spider/college_2/0049,,12,64,hard,2,7,5,421,1121,8443,6,5,300,1000,7823,1,121,121,620
spider/college_2/0050,,34,192,hard,2,7,5,301,1001,7854,6,5,300,1000,7823,1,1,1,31
spider/college_2/0051,,34,192,hard,2,7,5,305,1005,7929,6,5,300,1000,7823,1,5,5,106
spider/college_2/0052,,27,120,hard,2,11,9,33278,189278,869516,10,9,32000,188000,859346,1,1278,1278,10170
spider/college_2/0053,,38,153,medium,2,12,10,301,1501,10170,11,10,300,1500,10138,1,1,1,32
spider/college_2/0055,,41,158,hard,3,12,7,4141,12382,82327,10,7,4050,12200,80707,2,91,182,1620
spider/college_2/0057,,34,187,hard,2,7,5,302,1002,7880,6,5,300,1000,7823,1,2,2,57
spider/college_2/0058,,36,146,extra,3,11,7,4051,12201,80723,10,7,4050,12200,80707,1,1,1,16
spider/college_2/0059,,15,77,hard,2,10,8,169,719,4352,9,8,150,700,4171,1,19,19,181
spider/college_2/0060,,12,55,hard,2,10,8,169,719,4311,9,8,150,700,4171,1,19,19,140
spider/college_2/0061,,21,108,hard,2,10,8,180,730,4440,9,8,150,700,4171,1,30,30,269
spider/college_2/0062,,15,85,hard,1,5,4,51,201,1758,4,4,50,200,1734,1,1,1,24
spider/college_2/0063,,30,145,hard,2,9,6,71,262,2404,7,6,70,260,2348,2,1,2,56
spider/college_2/0064,,56,255,extra,3,16,11,331,1592,10683,14,11,330,1590,10645,2,1,2,38
spider/college_2/0065,,35,171,hard,3,15,11,33407,190007,875768,14,11,32200,188800,866240,1,1207,1207,9528
spider/college_2/0066,,45,226,hard,3,14,7,2087,8311,56083,11,7,2070,8260,55739,3,17,51,344
spider/college_2/0068,,27,136,extra,1,6,4,94,288,2536,4,4,50,200,1734,2,44,88,802
spider/college_2/0069,,37,150,hard,3,15,11,32806,189406,871047,14,11,32200,188800,866240,1,606,606,4807
spider/college_2/0071,,12,58,easy,1,5,4,52,202,1761,4,4,50,200,1734,1,2,2,27
spider/college_2/0072,,19,79,medium,1,5,4,52,202,1761,4,4,50,200,1734,1,2,2,27
spider/college_2/0073,,21,87,medium,2,11,8,250,900,5461,9,8,150,700,4171,2,100,200,1290
spider/college_2/0076,,9,50,easy,1,5,4,100,250,2174,4,4,50,200,1734,1,50,50,440
spider/college_2/0077,,38,151,extra,1,8,7,113,713,3324,7,7,100,700,3244,1,13,13,80
spider/college_2/0079,,38,152,extra,1,8,7,107,707,3294,7,7,100,700,3244,1,7,7,50
spider/college_2/0080,,18,99,hard,1,5,4,99,249,2244,4,4,50,200,1734,1,49,49,510
spider/college_2/0081,,21,83,medium,1,6,5,101,501,2465,5,5,100,500,2437,1,1,1,28
spider/college_2/0082,,21,100,medium,1,6,4,67,234,2159,4,4,50,200,1734,2,17,34,425
spider/college_2/0083,,24,121,hard,1,5,4,92,242,2101,4,4,50,200,1734,1,42,42,367
spider/college_2/0084,,24,121,hard,1,5,4,77,227,1969,4,4,50,200,1734,1,27,27,235
spider/college_3/0001,,6,27,easy,1,8,7,77,533,4082,7,7,76,532,4064,1,1,1,18
spider/college_3/0002,,12,45,easy,1,8,7,77,533,4082,7,7,76,532,4064,1,1,1,18
spider/college_3/0003,,12,42,easy,1,8,7,80,536,4192,7,7,76,532,4064,1,4,4,128
spider/college_3/0004,,12,43,easy,1,8,7,113,569,4997,7,7,76,532,4064,1,37,37,933
spider/college_3/0005,,12,53,easy,1,7,6,27,157,1095,6,6,26,156,1077,1,1,1,18
spider/college_3/0006,,12,46,easy,1,7,6,27,157,1095,6,6,26,156,1077,1,1,1,18
spider/college_3/0007,,14,63,easy,1,4,3,211,631,3495,3,3,210,630,3464,1,1,1,31
spider/college_3/0008,,13,67,medium,1,4,2,14,28,184,2,2,13,26,132,2,1,2,52
spider/college_3/0009,,12,57,medium,1,9,8,51,289,1443,8,8,34,272,1311,1,17,17,132
spider/college_3/0010,,22,78,medium,1,10,8,73,494,3094,8,8,58,464,2850,2,15,30,244
spider/college_3/0011,,19,72,medium,1,9,8,63,469,2886,8,8,58,464,2850,1,5,5,36
spider/college_3/0012,,12,60,easy,1,7,6,29,159,1134,6,6,26,156,1077,1,3,3,57
spider/college_3/0013,,9,37,easy,1,14,7,152,1064,8128,7,7,76,532,4064,7,76,532,4064
spider/college_3/0014,,9,41,easy,1,8,7,152,608,6038,7,7,76,532,4064,1,76,76,1974
spider/college_3/0015,,9,43,easy,1,9,8,68,306,1557,8,8,34,272,1311,1,34,34,246
spider/college_3/0016,,15,59,medium,1,9,8,44,282,1391,8,8,34,272,1311,1,10,10,80
spider/college_3/0017,,15,66,medium,1,9,8,78,484,3039,8,8,58,464,2850,1,20,20,189
spider/college_3/0018,,15,65,medium,1,9,8,85,491,3083,8,8,58,464,2850,1,27,27,233
spider/college_3/0019,,27,123,extra,2,9,7,37,177,1228,8,7,36,176,1194,1,1,1,34
spider/college_3/0020,,25,112,hard,2,9,7,54,194,1471,8,7,36,176,1194,1,18,18,277
spider/college_3/0021,,27,123,extra,2,10,8,90,346,2275,9,8,89,345,2245,1,1,1,30
spider/college_3/0022,,13,68,hard,1,9,8,59,465,2871,8,8,58,464,2850,1,1,1,21
spider/college_3/0023,,31,151,extra,2,17,15,137,1002,6980,15,15,134,996,6914,2,3,6,66
spider/college_3/0024,,27,137,extra,2,16,15,135,997,6936,15,15,134,996,6914,1,1,1,22
spider/college_3/0025,,28,112,medium,2,11,9,304,1180,7966,10,9,286,1162,7528,1,18,18,438
spider/college_3/0026,,30,134,medium,2,17,15,135,998,6948,15,15,134,996,6914,2,1,2,34
spider/college_3/0027,,30,142,medium,2,15,12,103,690,5183,13,12,102,688,5141,2,1,2,42
spider/college_3/0028,,,176,medium,3,16,12,467,1558,8572,13,12,257,928,4907,3,210,630,3665
spider/college_3/0029,,,173,hard,3,14,12,280,951,5080,13,12,257,928,4907,1,23,23,173
spider/college_3/0030,,30,114,medium,2,13,10,142,695,4379,11,10,121,653,4018,2,21,42,361
spider/college_3/0031,,30,113,medium,2,12,9,45,294,1460,10,9,44,292,1428,2,1,2,32
spider/college_3/0032,,37,155,hard,3,18,13,167,829,5279,17,13,147,809,5095,1,20,20,184
spider/college_3/0033,,,172,hard,3,14,12,258,929,4937,13,12,257,928,4907,1,1,1,30
spider/college_3/0034,,,201,hard,3,15,12,258,930,4965,13,12,257,928,4907,2,1,2,58
spider/college_3/0035,,31,107,hard,1,8,7,133,589,5540,7,7,76,532,4064,1,57,57,1476
spider/college_3/0036,,31,130,hard,1,7,6,48,178,1423,6,6,26,156,1077,1,22,22,346
spider/company_1/0001,,9,52,easy,1,5,4,6,15,214,4,4,3,12,163,1,3,3,51
spider/company_1/0002,,12,66,easy,1,6,5,10,38,371,5,5,7,35,328,1,3,3,43
spider/company_1/0003,,12,46,easy,1,6,5,8,36,345,5,5,7,35,328,1,1,1,17
spider/company_1/0004,,26,121,medium,2,7,5,10,24,284,6,5,8,22,249,1,2,2,35
spider/company_1/0005,,15,61,medium,1,12,10,12,88,844,10,10,8,80,761,2,4,8,83
spider/company_1/0006,,17,75,medium,1,12,10,10,84,793,10,10,8,80,761,2,2,4,32
spider/company_1/0007,,15,71,medium,1,13,10,16,104,1118,10,10,8,80,761,3,8,24,357
spider/company_employee/0001,,12,55,easy,1,9,8,20,153,1286,8,8,19,152,1269,1,1,1,17
spider/company_employee/0002,,9,54,easy,1,9,8,38,171,1567,8,8,19,152,1269,1,19,19,298
spider/company_employee/0003,,9,49,medium,1,10,8,38,190,1621,8,8,19,152,1269,2,19,38,352
spider/company_employee/0004,,19,79,medium,1,9,8,27,160,1428,8,8,19,152,1269,1,8,8,159
spider/company_employee/0005,,13,85,medium,1,10,8,20,154,1350,8,8,19,152,1269,2,1,2,81
spider/company_employee/0006,,11,71,medium,1,9,8,20,153,1300,8,8,19,152,1269,1,1,1,31
spider/company_employee/0007,,11,71,medium,1,10,8,27,168,1378,8,8,19,152,1269,2,8,16,109
spider/company_employee/0008,,13,85,hard,1,9,8,20,153,1292,8,8,19,152,1269,1,1,1,23
spider/company_employee/0009,,14,75,easy,1,9,8,22,155,1303,8,8,19,152,1269,1,3,3,34
spider/company_employee/0010,,24,137,hard,1,9,8,22,155,1303,8,8,19,152,1269,1,3,3,34
spider/company_employee/0011,,34,153,medium,3,18,13,36,212,1906,16,13,31,202,1744,2,5,10,162
spider/company_employee/0013,,37,169,hard,3,17,13,34,205,1799,16,13,31,202,1744,1,3,3,55
spider/company_employee/0014,,36,171,hard,3,18,13,36,212,1845,16,13,31,202,1744,2,5,10,101
spider/company_employee/0015,,15,90,hard,2,9,7,14,52,512,8,7,12,50,475,1,2,2,37
spider/company_employee/0016,,18,113,medium,1,9,8,27,160,1369,8,8,19,152,1269,1,8,8,100
spider/company_office/0001,,6,30,easy,1,9,8,20,153,1216,8,8,19,152,1198,1,1,1,18
spider/company_office/0002,,9,61,easy,1,9,8,38,171,1487,8,8,19,152,1198,1,19,19,289
spider/company_office/0003,,12,54,easy,1,9,8,29,162,1368,8,8,19,152,1198,1,10,10,170
spider/company_office/0004,,12,67,medium,1,10,8,38,190,1629,8,8,19,152,1198,2,19,38,431
spider/company_office/0005,,8,42,easy,1,9,8,20,153,1245,8,8,19,152,1198,1,1,1,47
spider/company_office/0006,,19,95,medium,1,10,8,20,154,1259,8,8,19,152,1198,2,1,2,61
spider/company_office/0007,,8,46,easy,1,9,8,20,153,1231,8,8,19,152,1198,1,1,1,33
spider/company_office/0008,,9,47,easy,1,7,6,24,84,979,6,6,12,72,726,1,12,12,253
spider/company_office/0009,,11,58,medium,1,7,6,13,73,743,6,6,12,72,726,1,1,1,17
spider/company_office/0010,,34,151,medium,3,19,15,63,304,2691,17,15,47,272,2139,2,16,32,552
spider/company_office/0011,,39,179,hard,3,18,15,50,275,2210,17,15,47,272,2139,1,3,3,71
spider/company_office/0012,,38,190,extra,3,18,15,48,273,2168,17,15,47,272,2139,1,1,1,29
spider/company_office/0013,,15,72,medium,1,7,6,16,76,848,6,6,12,72,726,1,4,4,122
spider/company_office/0014,,11,65,medium,1,10,8,24,162,1302,8,8,19,152,1198,2,5,10,104
spider/company_office/0015,,11,71,medium,1,9,8,24,157,1279,8,8,19,152,1198,1,5,5,81
spider/company_office/0016,,13,79,hard,1,9,8,20,153,1221,8,8,19,152,1198,1,1,1,23
spider/company_office/0017,,15,94,hard,2,10,9,29,121,977,9,9,28,120,941,1,1,1,36
spider/company_office/0018,,24,131,hard,1,9,8,21,154,1234,8,8,19,152,1198,1,2,2,36
spider/company_office/0019,,19,88,medium,1,9,8,20,153,1216,8,8,19,152,1198,1,1,1,18
spider/company_office/0020,,14,76,easy,1,9,8,21,154,1228,8,8,19,152,1198,1,2,2,30
spider/county_public_safety/0001,,6,41,easy,1,10,9,7,55,494,9,9,6,54,477,1,1,1,17
spider/county_public_safety/0002,,9,62,easy,1,10,9,12,60,564,9,9,6,54,477,1,6,6,87
spider/county_public_safety/0003,,12,79,easy,1,10,9,7,55,501,9,9,6,54,477,1,1,1,24
spider/county_public_safety/0004,,13,72,medium,1,11,9,7,56,532,9,9,6,54,477,2,1,2,55
spider/county_public_safety/0005,,9,72,easy,1,10,9,12,60,535,9,9,6,54,477,1,6,6,58
spider/county_public_safety/0006,,9,39,easy,1,10,9,34,170,1007,9,9,17,153,824,1,17,17,183
spider/county_public_safety/0007,,12,42,easy,1,10,9,24,160,881,9,9,17,153,824,1,7,7,57
spider/county_public_safety/0008,,11,70,medium,1,10,9,7,55,496,9,9,6,54,477,1,1,1,19
spider/county_public_safety/0009,,11,49,medium,1,10,9,22,158,882,9,9,17,153,824,1,5,5,58
spider/county_public_safety/0010,,23,109,medium,2,20,16,40,241,1714,18,16,23,207,1301,2,17,34,413
spider/county_public_safety/0011,,23,116,medium,2,20,16,40,241,1531,18,16,23,207,1301,2,17,34,230
spider/county_public_safety/0012,,21,141,hard,2,19,16,25,209,1335,18,16,23,207,1301,1,2,2,34
spider/county_public_safety/0013,,20,128,hard,2,19,16,24,208,1319,18,16,23,207,1301,1,1,1,18
spider/county_public_safety/0014,,26,119,medium,2,19,16,24,208,1325,18,16,23,207,1301,1,1,1,24
spider/county_public_safety/0015,,11,84,medium,1,11,9,9,60,574,9,9,6,54,477,2,3,6,97
spider/county_public_safety/0016,,13,90,hard,1,10,9,7,55,497,9,9,6,54,477,1,1,1,20
spider/county_public_safety/0018,,24,153,hard,1,10,9,7,55,501,9,9,6,54,477,1,1,1,24
spider/county_public_safety/0019,,20,122,hard,2,19,16,25,209,1330,18,16,23,207,1301,1,2,2,29
spider/county_public_safety/0020,,9,69,easy,1,10,9,12,60,522,9,9,6,54,477,1,6,6,45
spider/cre_Docs_and_Epenses/0001,,6,29,easy,1,4,3,16,46,307,3,3,15,45,289,1,1,1,18
spider/cre_Docs_and_Epenses/0002,,9,55,medium,1,5,3,30,75,510,3,3,15,45,289,2,15,30,221
spider/cre_Docs_and_Epenses/0003,,6,31,easy,1,3,2,3,5,95,2,2,2,4,78,1,1,1,17
spider/cre_Docs_and_Epenses/0004,,9,61,medium,1,4,2,4,8,156,2,2,2,4,78,2,2,4,78
spider/cre_Docs_and_Epenses/0005,,27,157,medium,2,8,4,32,94,820,5,4,17,49,367,3,15,45,453
spider/cre_Docs_and_Epenses/0006,,11,72,medium,1,5,3,17,49,333,3,3,15,45,289,2,2,4,44
spider/cre_Docs_and_Epenses/0007,,31,186,extra,2,7,4,18,51,424,5,4,17,49,367,2,1,2,57
spider/cre_Docs_and_Epenses/0008,,6,30,easy,1,8,7,16,106,922,7,7,15,105,904,1,1,1,18
spider/cre_Docs_and_Epenses/0009,,25,156,extra,1,10,7,17,111,999,7,7,15,105,904,3,2,6,95
spider/cre_Docs_and_Epenses/0010,,9,55,medium,1,9,7,30,135,1275,7,7,15,105,904,2,15,30,371
spider/cre_Docs_and_Epenses/0011,,15,87,medium,1,9,7,21,117,1066,7,7,15,105,904,2,6,12,162
spider/cre_Docs_and_Epenses/0012,,17,101,medium,1,9,7,18,111,952,7,7,15,105,904,2,3,6,48
spider/cre_Docs_and_Epenses/0013,,28,168,medium,2,11,8,25,125,1337,9,8,20,115,1089,2,5,10,248
spider/cre_Docs_and_Epenses/0014,,11,69,medium,1,9,7,20,115,966,7,7,15,105,904,2,5,10,62
spider/cre_Docs_and_Epenses/0015,,13,82,hard,1,8,7,16,106,925,7,7,15,105,904,1,1,1,21
spider/cre_Docs_and_Epenses/0016,,14,73,easy,1,8,7,19,109,938,7,7,15,105,904,1,4,4,34
spider/cre_Docs_and_Epenses/0017,,11,85,medium,1,9,7,19,113,965,7,7,15,105,904,2,4,8,61
spider/cre_Docs_and_Epenses/0018,,13,99,hard,1,8,7,16,106,932,7,7,15,105,904,1,1,1,28
spider/cre_Docs_and_Epenses/0019,,14,88,easy,1,8,7,16,106,932,7,7,15,105,904,1,1,1,28
spider/cre_Docs_and_Epenses/0020,,30,178,medium,2,11,9,18,111,1058,9,9,17,109,982,2,1,2,76
spider/cre_Docs_and_Epenses/0021,,12,110,medium,1,6,3,10,30,336,3,3,5,15,168,3,5,15,168
spider/cre_Docs_and_Epenses/0022,,12,90,easy,1,4,3,6,16,204,3,3,5,15,168,1,1,1,36
spider/cre_Docs_and_Epenses/0023,,27,190,medium,2,13,9,35,165,1657,10,9,20,120,1072,3,15,45,585
spider/cre_Docs_and_Epenses/0024,,6,29,easy,1,3,2,6,11,202,2,2,5,10,185,1,1,1,17
spider/cre_Docs_and_Epenses/0025,,9,55,medium,1,4,2,10,20,370,2,2,5,10,185,2,5,10,185
spider/cre_Docs_and_Epenses/0026,,32,164,medium,2,11,8,24,123,1241,9,8,20,115,1089,2,4,8,152
spider/cre_Docs_and_Epenses/0027,,26,136,medium,2,10,8,21,116,1134,9,8,20,115,1089,1,1,1,45
spider/cre_Docs_and_Epenses/0028,,6,37,easy,1,3,2,4,7,117,2,2,3,6,100,1,1,1,17
spider/cre_Docs_and_Epenses/0029,,9,77,medium,1,4,2,6,12,200,2,2,3,6,100,2,3,6,100
spider/cre_Docs_and_Epenses/0030,,12,83,easy,1,3,2,4,7,143,2,2,3,6,100,1,1,1,43
spider/cre_Docs_and_Epenses/0031,,6,44,easy,1,4,3,11,31,264,3,3,10,30,246,1,1,1,18
spider/cre_Docs_and_Epenses/0032,,12,77,easy,1,4,3,12,32,273,3,3,10,30,246,1,2,2,27
spider/cre_Docs_and_Epenses/0033,,27,192,medium,2,8,4,23,66,611,5,4,13,36,346,3,10,30,265
spider/cre_Docs_and_Epenses/0034,,26,177,medium,2,6,4,19,42,392,5,4,13,36,346,1,6,6,46
spider/cre_Docs_and_Epenses/0035,,11,95,medium,1,5,3,13,36,300,3,3,10,30,246,2,3,6,54
spider/cre_Docs_and_Epenses/0036,,13,109,hard,1,4,3,11,31,272,3,3,10,30,246,1,1,1,26
spider/cre_Docs_and_Epenses/0037,,12,88,hard,2,11,9,30,140,1190,10,9,25,135,1150,1,5,5,40
spider/cre_Docs_and_Epenses/0038,,18,120,hard,2,11,9,26,136,1171,10,9,25,135,1150,1,1,1,21
spider/cre_Docs_and_Epenses/0039,,26,146,hard,2,11,9,32,142,1201,10,9,25,135,1150,1,7,7,51
spider/cre_Docs_and_Epenses/0040,,15,114,extra,2,11,9,26,136,1167,10,9,25,135,1150,1,1,1,17
spider/cre_Docs_and_Epenses/0042,,20,117,hard,1,4,3,24,54,392,3,3,15,45,289,1,9,9,103
spider/cre_Doc_Control_Systems/0001,,6,53,easy,1,3,2,6,9,172,2,2,3,6,122,1,3,3,50
spider/cre_Doc_Control_Systems/0002,,12,99,easy,1,3,2,4,7,177,2,2,3,6,122,1,1,1,55
spider/cre_Doc_Control_Systems/0003,,6,50,easy,1,3,2,6,9,130,2,2,3,6,83,1,3,3,47
spider/cre_Doc_Control_Systems/0004,,12,92,easy,1,3,2,4,7,117,2,2,3,6,83,1,1,1,34
spider/cre_Doc_Control_Systems/0005,,6,52,easy,1,4,3,10,20,196,3,3,5,15,138,1,5,5,58
spider/cre_Doc_Control_Systems/0006,,12,86,easy,1,4,3,6,16,167,3,3,5,15,138,1,1,1,29
spider/cre_Doc_Control_Systems/0007,,6,28,easy,1,3,2,8,12,118,2,2,4,8,87,1,4,4,31
spider/cre_Doc_Control_Systems/0008,,12,58,easy,1,3,2,5,9,117,2,2,4,8,87,1,1,1,30
spider/cre_Doc_Control_Systems/0009,,6,31,easy,1,5,4,7,25,172,4,4,6,24,155,1,1,1,17
spider/cre_Doc_Control_Systems/0010,,26,128,medium,2,7,5,11,33,272,6,5,10,32,242,1,1,1,30
spider/cre_Doc_Control_Systems/0011,,9,55,medium,1,9,7,30,135,1223,7,7,15,105,829,2,15,30,394
spider/cre_Doc_Control_Systems/0012,,29,156,medium,2,9,5,14,44,350,6,5,10,32,242,3,4,12,108
spider/cre_Doc_Control_Systems/0013,,35,203,medium,2,8,5,12,36,316,6,5,10,32,242,2,2,4,74
spider/cre_Doc_Control_Systems/0014,,24,204,medium,2,10,8,19,112,1006,9,8,18,111,951,1,1,1,55
spider/cre_Doc_Control_Systems/0015,,12,67,easy,1,8,7,16,106,846,7,7,15,105,829,1,1,1,17
spider/cre_Doc_Control_Systems/0016,,12,63,easy,1,8,7,16,106,860,7,7,15,105,829,1,1,1,31
spider/cre_Doc_Control_Systems/0017,,19,105,medium,1,8,7,19,109,859,7,7,15,105,829,1,4,4,30
spider/cre_Doc_Control_Systems/0018,,24,194,medium,2,11,9,21,121,998,10,9,20,120,967,1,1,1,31
spider/cre_Doc_Control_Systems/0019,,23,186,medium,2,11,9,21,121,984,10,9,20,120,967,1,1,1,17
spider/cre_Doc_Control_Systems/0020,,34,299,extra,2,12,9,21,122,1032,10,9,20,120,967,2,1,2,65
spider/cre_Doc_Control_Systems/0021,,12,57,easy,1,8,7,16,106,873,7,7,15,105,829,1,1,1,44
spider/cre_Doc_Control_Systems/0022,,23,156,medium,2,6,5,26,64,549,5,5,24,62,520,1,2,2,29
spider/cre_Doc_Control_Systems/0023,,12,64,easy,1,4,3,15,43,468,3,3,14,42,424,1,1,1,44
spider/cre_Doc_Control_Systems/0024,,42,301,extra,2,11,9,22,122,991,10,9,20,120,967,1,2,2,24
spider/cre_Doc_Control_Systems/0025,,42,310,extra,2,11,9,22,122,990,10,9,20,120,967,1,2,2,23
spider/cre_Doc_Control_Systems/0026,,12,64,easy,1,4,3,16,46,196,3,3,15,45,174,1,1,1,22
spider/cre_Doc_Control_Systems/0027,,12,56,easy,1,4,3,9,25,134,3,3,8,24,117,1,1,1,17
spider/cre_Doc_Control_Systems/0028,,20,126,hard,1,5,3,9,26,162,3,3,8,24,117,2,1,2,45
spider/cre_Doc_Control_Systems/0029,,17,95,medium,1,5,3,9,26,152,3,3,8,24,117,2,1,2,35
spider/cre_Doc_Control_Systems/0030,,24,172,medium,2,9,7,11,41,288,8,7,10,40,263,1,1,1,25
spider/cre_Doc_Control_Systems/0031,,23,172,hard,2,9,7,13,43,306,8,7,10,40,263,1,3,3,43
spider/cre_Doc_Control_Systems/0032,,34,304,extra,2,10,7,11,42,303,8,7,10,40,263,2,1,2,40
spider/cre_Doc_Control_Systems/0033,,13,101,medium,1,6,4,8,24,179,4,4,4,16,108,2,4,8,71
spider/cre_Doc_Tracking_DB/0001,,6,33,easy,1,3,2,16,31,402,2,2,15,30,384,1,1,1,18
spider/cre_Doc_Tracking_DB/0002,,9,57,medium,1,4,2,30,60,768,2,2,15,30,384,2,15,30,384
spider/cre_Doc_Tracking_DB/0003,,6,39,easy,1,4,3,5,13,135,3,3,4,12,118,1,1,1,17
spider/cre_Doc_Tracking_DB/0004,,9,76,medium,1,5,3,8,20,202,3,3,4,12,118,2,4,8,84
spider/cre_Doc_Tracking_DB/0005,,15,115,medium,1,5,3,5,14,181,3,3,4,12,118,2,1,2,63
spider/cre_Doc_Tracking_DB/0006,,12,84,easy,1,4,3,5,13,146,3,3,4,12,118,1,1,1,28
spider/cre_Doc_Tracking_DB/0007,,19,97,medium,1,7,6,16,91,809,6,6,15,90,791,1,1,1,18
spider/cre_Doc_Tracking_DB/0008,,12,70,easy,1,7,6,16,91,834,6,6,15,90,791,1,1,1,43
spider/cre_Doc_Tracking_DB/0009,,23,129,medium,2,10,8,45,150,1557,8,8,30,120,1175,2,15,30,382
spider/cre_Doc_Tracking_DB/0010,,26,178,medium,2,10,8,20,103,939,9,8,19,102,909,1,1,1,30
spider/cre_Doc_Tracking_DB/0011,,6,34,easy,1,4,3,6,16,138,3,3,5,15,121,1,1,1,17
spider/cre_Doc_Tracking_DB/0012,,9,61,medium,1,5,3,10,25,212,3,3,5,15,121,2,5,10,91
spider/cre_Doc_Tracking_DB/0013,,15,94,medium,1,5,3,6,17,174,3,3,5,15,121,2,1,2,53
spider/cre_Doc_Tracking_DB/0014,,12,70,easy,1,4,3,6,16,143,3,3,5,15,121,1,1,1,22
spider/cre_Doc_Tracking_DB/0015,,6,26,easy,1,4,3,6,16,859,3,3,5,15,842,1,1,1,17
spider/cre_Doc_Tracking_DB/0016,,12,70,medium,1,6,3,10,30,1684,3,3,5,15,842,3,5,15,842
spider/cre_Doc_Tracking_DB/0017,,15,75,medium,1,5,3,6,17,1028,3,3,5,15,842,2,1,2,186
spider/cre_Doc_Tracking_DB/0018,,12,67,easy,1,4,3,6,16,1049,3,3,5,15,842,1,1,1,207
spider/cre_Doc_Tracking_DB/0019,,6,30,easy,1,7,6,16,91,672,6,6,15,90,654,1,1,1,18
spider/cre_Doc_Tracking_DB/0020,,18,106,medium,1,9,6,16,93,741,6,6,15,90,654,3,1,3,87
spider/cre_Doc_Tracking_DB/0021,,12,62,easy,1,7,6,16,91,675,6,6,15,90,654,1,1,1,21
spider/cre_Doc_Tracking_DB/0022,,12,58,easy,1,7,6,16,91,678,6,6,15,90,654,1,1,1,24
spider/cre_Doc_Tracking_DB/0023,,11,67,medium,1,8,6,20,100,712,6,6,15,90,654,2,5,10,58
spider/cre_Doc_Tracking_DB/0024,,13,81,hard,1,7,6,16,91,673,6,6,15,90,654,1,1,1,19
spider/cre_Doc_Tracking_DB/0025,,14,71,easy,1,7,6,17,92,677,6,6,15,90,654,1,2,2,23
spider/cre_Doc_Tracking_DB/0026,,13,80,hard,1,7,6,16,91,673,6,6,15,90,654,1,1,1,19
spider/cre_Doc_Tracking_DB/0027,,30,148,medium,2,11,8,21,107,1682,9,8,20,105,1496,2,1,2,186
spider/cre_Doc_Tracking_DB/0028,,26,122,medium,2,10,8,27,112,1578,9,8,20,105,1496,1,7,7,82
spider/cre_Doc_Tracking_DB/0029,,34,158,hard,2,10,8,22,107,1521,9,8,20,105,1496,1,2,2,25
spider/cre_Doc_Tracking_DB/0030,,6,53,easy,1,5,4,20,65,827,4,4,15,60,793,1,5,5,34
spider/cre_Doc_Tracking_DB/0031,,37,213,hard,3,14,11,36,166,1735,13,11,35,165,1705,1,1,1,30
spider/cre_Doc_Tracking_DB/0032,,12,101,medium,1,7,4,30,105,1516,4,4,15,60,793,3,15,45,723
spider/cre_Doc_Tracking_DB/0033,,30,187,medium,2,12,9,31,152,1685,10,9,30,150,1584,2,1,2,101
spider/cre_Doc_Tracking_DB/0034,,11,84,medium,1,6,4,20,70,850,4,4,15,60,793,2,5,10,57
spider/cre_Doc_Tracking_DB/0035,,13,98,hard,1,5,4,16,61,815,4,4,15,60,793,1,1,1,22
spider/cre_Doc_Tracking_DB/0036,,14,88,easy,1,5,4,18,63,821,4,4,15,60,793,1,3,3,28
spider/cre_Doc_Tracking_DB/0037,,31,198,extra,2,9,6,21,77,962,7,6,20,75,914,2,1,2,48
spider/cre_Doc_Tracking_DB/0038,,34,237,medium,2,14,11,37,178,1621,12,11,26,156,1406,2,11,22,215
spider/cre_Doc_Tracking_DB/0039,,11,139,medium,1,8,6,17,78,847,6,6,11,66,752,2,6,12,95
spider/cre_Doc_Tracking_DB/0040,,11,113,medium,1,8,6,18,80,841,6,6,11,66,752,2,7,14,89
spider/cre_Doc_Tracking_DB/0041,,12,116,hard,2,13,11,35,165,1464,12,11,26,156,1406,1,9,9,58
spider/cre_Doc_Tracking_DB/0042,,6,84,easy,1,7,6,17,72,822,6,6,11,66,752,1,6,6,70
spider/cre_Doc_Tracking_DB/0043,,6,71,easy,1,7,6,18,73,814,6,6,11,66,752,1,7,7,62
spider/cre_Doc_Tracking_DB/0044,,12,103,hard,2,13,11,34,164,1459,12,11,26,156,1406,1,8,8,53
spider/cre_Doc_Tracking_DB/0045,,12,144,hard,1,7,6,21,76,828,6,6,11,66,752,1,10,10,76
spider/cre_Drama_Workshop_Groups/0001,,6,29,easy,1,10,9,16,136,1397,9,9,15,135,1379,1,1,1,18
spider/cre_Drama_Workshop_Groups/0002,,6,31,easy,1,10,9,30,150,1715,9,9,15,135,1379,1,15,15,336
spider/cre_Drama_Workshop_Groups/0003,,9,71,medium,1,11,9,30,165,2056,9,9,15,135,1379,2,15,30,677
spider/cre_Drama_Workshop_Groups/0004,,6,30,easy,1,7,6,16,91,960,6,6,15,90,942,1,1,1,18
spider/cre_Drama_Workshop_Groups/0005,,15,98,medium,1,8,6,16,92,1028,6,6,15,90,942,2,1,2,86
spider/cre_Drama_Workshop_Groups/0006,,6,44,easy,1,9,8,30,135,1415,8,8,15,120,1204,1,15,15,211
spider/cre_Drama_Workshop_Groups/0007,,18,96,medium,1,10,7,16,108,563,7,7,15,105,480,3,1,3,83
spider/cre_Drama_Workshop_Groups/0008,,6,49,easy,1,8,7,18,108,535,7,7,15,105,480,1,3,3,55
spider/cre_Drama_Workshop_Groups/0009,,12,97,easy,1,5,4,9,33,318,4,4,8,32,263,1,1,1,55
spider/cre_Drama_Workshop_Groups/0010,,18,115,hard,1,6,5,17,77,429,5,5,15,75,398,1,2,2,31
spider/cre_Drama_Workshop_Groups/0011,,11,69,medium,1,6,5,16,76,422,5,5,15,75,398,1,1,1,24
spider/cre_Drama_Workshop_Groups/0012,,9,60,easy,1,6,5,30,90,521,5,5,15,75,398,1,15,15,123
spider/cre_Drama_Workshop_Groups/0013,,12,68,easy,1,7,6,21,121,1298,6,6,20,120,1264,1,1,1,34
spider/cre_Drama_Workshop_Groups/0014,,11,86,medium,1,9,7,18,111,554,7,7,15,105,480,2,3,6,74
spider/cre_Drama_Workshop_Groups/0015,,13,100,hard,1,8,7,16,106,517,7,7,15,105,480,1,1,1,37
spider/cre_Drama_Workshop_Groups/0016,,26,127,medium,2,14,11,31,191,2108,13,11,30,190,2077,1,1,1,31
spider/cre_Drama_Workshop_Groups/0017,,26,132,medium,2,14,11,33,193,2122,13,11,30,190,2077,1,3,3,45
spider/cre_Drama_Workshop_Groups/0018,,26,169,medium,2,12,9,19,103,1083,11,9,18,102,1048,1,1,1,35
spider/cre_Drama_Workshop_Groups/0019,,26,159,medium,2,11,9,34,132,1220,10,9,19,117,813,1,15,15,407
spider/cre_Drama_Workshop_Groups/0020,,29,206,medium,2,13,9,23,129,998,10,9,19,117,813,3,4,12,185
spider/cre_Drama_Workshop_Groups/0021,,31,220,extra,2,12,9,20,119,892,10,9,19,117,813,2,1,2,79
spider/cre_Drama_Workshop_Groups/0022,,23,152,medium,2,17,14,45,255,2477,15,14,30,225,1816,2,15,30,661
spider/cre_Drama_Workshop_Groups/0023,,30,183,medium,2,17,14,35,235,2061,15,14,30,225,1816,2,5,10,245
spider/cre_Drama_Workshop_Groups/0024,,13,82,medium,1,7,5,18,81,518,5,5,15,75,398,2,3,6,120
spider/cre_Drama_Workshop_Groups/0025,,16,91,easy,1,6,5,16,76,425,5,5,15,75,398,1,1,1,27
spider/cre_Drama_Workshop_Groups/0026,,28,137,medium,2,11,9,31,151,706,10,9,30,150,675,1,1,1,31
spider/cre_Drama_Workshop_Groups/0027,,26,134,medium,2,11,9,43,163,751,10,9,30,150,675,1,13,13,76
spider/cre_Drama_Workshop_Groups/0028,,26,137,medium,2,13,11,39,189,1731,12,11,30,180,1511,1,9,9,220
spider/cre_Drama_Workshop_Groups/0029,,37,182,hard,3,18,15,59,269,2224,17,15,45,255,1909,1,14,14,315
spider/cre_Drama_Workshop_Groups/0030,,8,63,easy,1,9,8,16,121,1242,8,8,15,120,1204,1,1,1,38
spider/cre_Drama_Workshop_Groups/0031,,26,142,medium,2,15,12,36,241,2526,14,12,35,240,2496,1,1,1,30
spider/cre_Drama_Workshop_Groups/0032,,26,149,medium,2,15,12,36,241,2549,14,12,35,240,2496,1,1,1,53
spider/cre_Drama_Workshop_Groups/0033,,25,145,medium,2,16,12,47,264,2723,14,12,35,240,2496,2,12,24,227
spider/cre_Drama_Workshop_Groups/0034,,13,117,hard,1,9,8,16,121,1235,8,8,15,120,1204,1,1,1,31
spider/cre_Drama_Workshop_Groups/0035,,38,197,hard,3,19,11,62,337,3607,18,11,55,330,3498,1,7,7,109
spider/cre_Drama_Workshop_Groups/0036,,13,84,hard,1,10,9,16,136,1402,9,9,15,135,1379,1,1,1,23
spider/cre_Drama_Workshop_Groups/0037,,26,150,medium,2,18,16,35,260,2667,17,16,30,255,2583,1,5,5,84
spider/cre_Drama_Workshop_Groups/0038,,25,136,hard,2,16,15,44,264,2741,15,15,35,255,2649,1,9,9,92
spider/cre_Drama_Workshop_Groups/0039,,14,81,easy,1,8,7,16,106,526,7,7,15,105,480,1,1,1,46
spider/cre_Drama_Workshop_Groups/0040,,13,82,hard,1,8,7,16,106,499,7,7,15,105,480,1,1,1,19
spider/cre_Drama_Workshop_Groups/0041,,52,340,extra,2,11,9,20,118,868,10,9,19,117,813,1,1,1,55
spider/cre_Theme_park/0001,,6,27,easy,1,6,5,21,101,507,5,5,20,100,489,1,1,1,18
spider/cre_Theme_park/0002,,6,30,easy,1,6,5,40,120,739,5,5,20,100,489,1,20,20,250
spider/cre_Theme_park/0003,,6,44,easy,1,5,4,30,75,958,4,4,15,60,719,1,15,15,239
spider/cre_Theme_park/0004,,9,44,medium,1,6,4,40,120,631,4,4,20,80,425,2,20,40,206
spider/cre_Theme_park/0005,,6,36,easy,1,3,2,40,60,463,2,2,20,40,279,1,20,20,184
spider/cre_Theme_park/0006,,12,59,easy,1,6,5,29,109,633,5,5,20,100,489,1,9,9,144
spider/cre_Theme_park/0007,,21,90,medium,1,6,5,21,101,532,5,5,20,100,489,1,1,1,43
spider/cre_Theme_park/0008,,12,64,easy,1,5,4,16,61,763,4,4,15,60,719,1,1,1,44
spider/cre_Theme_park/0009,,12,70,easy,1,5,4,16,61,742,4,4,15,60,719,1,1,1,23
spider/cre_Theme_park/0010,,12,69,medium,1,5,4,16,61,753,4,4,15,60,719,1,1,1,34
spider/cre_Theme_park/0011,,8,39,easy,1,7,6,16,91,447,6,6,15,90,417,1,1,1,30
spider/cre_Theme_park/0012,,6,38,easy,1,6,5,40,120,1234,5,5,20,100,793,1,20,20,441
spider/cre_Theme_park/0013,,12,67,easy,1,9,8,21,126,751,8,8,15,120,653,1,6,6,98
spider/cre_Theme_park/0014,,22,120,extra,1,10,8,26,142,856,8,8,15,120,653,2,11,22,203
spider/cre_Theme_park/0015,,26,159,medium,2,8,6,40,125,698,7,6,25,110,579,1,15,15,119
spider/cre_Theme_park/0016,,23,142,medium,2,12,10,21,132,877,10,10,18,126,769,2,3,6,108
spider/cre_Theme_park/0017,,26,142,medium,2,15,10,31,211,1103,14,10,30,210,1070,1,1,1,33
spider/cre_Theme_park/0018,,30,173,medium,2,16,10,31,212,1104,14,10,30,210,1070,2,1,2,34
spider/cre_Theme_park/0019,,23,162,medium,2,12,10,19,128,776,10,10,17,124,713,2,2,4,63
spider/cre_Theme_park/0020,,26,146,medium,2,11,10,20,129,759,10,10,19,128,735,1,1,1,24
spider/cre_Theme_park/0021,,26,145,medium,2,13,9,38,203,1113,12,9,35,200,1078,1,3,3,35
spider/cre_Theme_park/0022,,34,192,hard,2,11,10,19,126,773,10,10,17,124,725,1,2,2,48
spider/cre_Theme_park/0023,,30,153,medium,2,9,6,42,144,1155,7,6,40,140,1072,2,2,4,83
spider/cre_Theme_park/0024,,37,208,hard,3,16,13,57,262,1761,15,13,55,260,1725,1,2,2,36
spider/cre_Theme_park/0025,,,266,extra,3,17,13,59,268,1883,15,13,55,260,1725,2,4,8,158
spider/cre_Theme_park/0026,,13,86,medium,1,7,5,25,110,628,5,5,20,100,489,2,5,10,139
spider/cre_Theme_park/0027,,13,84,medium,1,7,5,22,104,573,5,5,20,100,489,2,2,4,84
spider/cre_Theme_park/0028,,12,77,medium,1,7,5,40,140,664,5,5,20,100,489,2,20,40,175
spider/cre_Theme_park/0029,,11,72,medium,1,6,5,23,103,526,5,5,20,100,489,1,3,3,37
spider/cre_Theme_park/0030,,14,96,medium,1,7,5,23,106,547,5,5,20,100,489,2,3,6,58
spider/cre_Theme_park/0031,,13,105,hard,1,9,8,16,121,680,8,8,15,120,653,1,1,1,27
spider/cre_Theme_park/0032,,31,249,extra,2,12,9,21,132,832,10,9,20,130,763,2,1,2,69
spider/cre_Theme_park/0033,,11,91,medium,1,10,8,18,126,714,8,8,15,120,653,2,3,6,61
spider/cre_Theme_park/0034,,29,202,medium,2,16,12,45,250,1704,13,12,35,220,1446,3,10,30,258
spider/cre_Theme_park/0035,,32,206,medium,2,15,12,40,230,1572,13,12,35,220,1446,2,5,10,126
spider/cre_Theme_park/0036,,32,206,medium,2,15,12,40,230,1581,13,12,35,220,1446,2,5,10,135
spider/cre_Theme_park/0037,,34,174,hard,2,13,10,35,185,1458,12,10,30,180,1372,1,5,5,86
spider/cre_Theme_park/0038,,74,463,extra,3,13,10,47,175,1108,12,10,38,166,970,1,9,9,138
spider/cre_Theme_park/0039,,34,176,hard,2,13,10,36,186,1470,12,10,30,180,1372,1,6,6,98
spider/cre_Theme_park/0040,,,440,extra,3,16,13,56,261,1744,15,13,55,260,1725,1,1,1,19
spider/cre_Theme_park/0041,,,426,extra,3,16,13,57,262,1761,15,13,55,260,1725,1,2,2,36
spider/cre_Theme_park/0042,,15,94,extra,2,8,6,41,141,1089,7,6,40,140,1072,1,1,1,17
spider/csu_1/0001,,12,56,easy,1,6,5,28,120,1764,5,5,23,115,1549,1,5,5,215
spider/csu_1/0002,,12,52,easy,1,6,5,24,116,1596,5,5,23,115,1549,1,1,1,47
spider/csu_1/0003,,12,45,easy,1,6,5,24,116,1601,5,5,23,115,1549,1,1,1,52
spider/csu_1/0005,,19,65,medium,1,6,5,24,116,1609,5,5,23,115,1549,1,1,1,60
spider/csu_1/0006,,38,184,extra,1,6,5,25,117,1633,5,5,23,115,1549,1,2,2,84
spider/csu_1/0007,,33,144,medium,2,9,6,47,185,1918,8,6,46,184,1897,1,1,1,21
spider/csu_1/0008,,33,149,medium,2,9,6,47,185,1918,8,6,46,184,1897,1,1,1,21
spider/csu_1/0009,,18,94,hard,1,4,3,24,70,366,3,3,23,69,348,1,1,1,18
spider/csu_1/0010,,19,74,medium,1,6,5,25,117,1646,5,5,23,115,1549,1,2,2,97
spider/csu_1/0011,,15,73,hard,1,4,3,321,961,4349,3,3,320,960,4333,1,1,1,16
spider/csu_1/0012,,15,77,hard,1,4,3,321,961,4349,3,3,320,960,4333,1,1,1,16
spider/csu_1/0013,,32,130,extra,2,9,6,93,323,2647,8,6,92,322,2607,1,1,1,40
spider/csu_1/0014,,14,53,easy,1,4,3,24,70,388,3,3,23,69,348,1,1,1,40
spider/csu_1/0015,,14,53,easy,1,4,3,24,70,373,3,3,23,69,348,1,1,1,25
spider/csu_1/0016,,43,163,hard,2,10,6,366,1121,6897,8,6,343,1075,5882,2,23,46,1015
spider/csu_1/0017,,43,168,hard,2,10,6,344,1077,5959,8,6,343,1075,5882,2,1,2,77
spider/csu_1/0018,,66,267,extra,2,9,6,94,324,2676,8,6,92,322,2607,1,2,2,69
spider/csu_1/0019,,39,151,medium,2,10,7,1148,4579,23538,9,7,1136,4567,23097,1,12,12,441
spider/csu_1/0020,,12,58,easy,1,6,5,24,116,1566,5,5,23,115,1549,1,1,1,17
spider/csu_1/0021,,33,141,medium,2,9,6,344,1076,5901,8,6,343,1075,5882,1,1,1,19
spider/csu_1/0022,,33,146,medium,2,9,6,344,1076,5901,8,6,343,1075,5882,1,1,1,19
spider/csu_1/0023,,14,50,easy,1,4,3,70,208,1086,3,3,69,207,1058,1,1,1,28
spider/csu_1/0024,,33,143,medium,2,9,6,93,323,2629,8,6,92,322,2607,1,1,1,22
spider/csu_1/0025,,33,146,medium,2,9,6,93,323,2629,8,6,92,322,2607,1,1,1,22
spider/csu_1/0027,,52,193,extra,3,12,7,413,1283,6962,11,7,412,1282,6940,1,1,1,22
spider/csu_1/0029,,36,170,medium,2,11,8,419,2091,8920,10,8,418,2090,8886,1,1,1,34
spider/csu_1/0030,,36,170,medium,2,11,8,419,2091,8914,10,8,418,2090,8886,1,1,1,28
spider/csu_1/0033,,6,29,easy,1,6,5,24,116,1567,5,5,23,115,1549,1,1,1,18
spider/culture_company/0001,,6,30,easy,1,8,7,13,85,924,7,7,12,84,906,1,1,1,18
spider/culture_company/0002,,15,75,medium,1,9,7,14,88,1031,7,7,12,84,906,2,2,4,125
spider/culture_company/0003,,6,40,easy,1,8,7,20,92,1052,7,7,12,84,906,1,8,8,146
spider/culture_company/0004,,15,82,medium,1,10,7,24,120,1378,7,7,12,84,906,3,12,36,472
spider/culture_company/0005,,11,67,medium,1,9,7,20,100,1081,7,7,12,84,906,2,8,16,175
spider/culture_company/0006,,13,81,hard,1,8,7,13,85,929,7,7,12,84,906,1,1,1,23
spider/culture_company/0007,,11,65,medium,1,9,7,15,90,971,7,7,12,84,906,2,3,6,65
spider/culture_company/0008,,20,87,medium,1,8,7,13,85,930,7,7,12,84,906,1,1,1,24
spider/culture_company/0009,,24,113,hard,1,8,7,14,86,943,7,7,12,84,906,1,2,2,37
spider/culture_company/0011,,15,77,medium,1,9,6,20,90,992,6,6,10,60,596,3,10,30,396
spider/culture_company/0012,,8,43,easy,1,7,6,11,61,630,6,6,10,60,596,1,1,1,34
spider/culture_company/0013,,20,97,hard,1,8,6,11,62,656,6,6,10,60,596,2,1,2,60
spider/culture_company/0014,,24,103,hard,1,7,6,11,61,626,6,6,10,60,596,1,1,1,30
spider/culture_company/0015,,19,61,medium,1,7,6,19,69,744,6,6,10,60,596,1,9,9,148
spider/culture_company/0016,,24,111,medium,1,9,6,11,63,685,6,6,10,60,596,3,1,3,89
spider/culture_company/0017,,26,137,medium,2,14,12,19,121,1364,13,12,18,120,1331,1,1,1,33
spider/culture_company/0018,,41,203,hard,3,21,16,30,184,2016,19,16,28,180,1927,2,2,4,89
spider/culture_company/0019,,26,116,medium,2,13,11,18,98,1075,12,11,16,96,1021,1,2,2,54
spider/customers_and_addresses/0001,,6,35,easy,1,6,5,30,90,1173,5,5,15,75,872,1,15,15,301
spider/customers_and_addresses/0002,,6,30,easy,1,6,5,16,76,890,5,5,15,75,872,1,1,1,18
spider/customers_and_addresses/0003,,8,43,easy,1,4,3,16,46,208,3,3,15,45,163,1,1,1,45
spider/customers_and_addresses/0004,,12,65,easy,1,6,5,19,79,975,5,5,15,75,872,1,4,4,103
spider/customers_and_addresses/0005,,14,78,easy,1,6,5,21,81,1029,5,5,15,75,872,1,6,6,157
spider/customers_and_addresses/0006,,13,91,hard,1,6,5,16,76,900,5,5,15,75,872,1,1,1,28
spider/customers_and_addresses/0007,,23,176,hard,1,6,5,21,81,994,5,5,15,75,872,1,6,6,122
spider/customers_and_addresses/0008,,6,45,easy,1,6,5,18,78,919,5,5,15,75,872,1,3,3,47
spider/customers_and_addresses/0009,,6,45,easy,1,3,2,6,9,131,2,2,3,6,76,1,3,3,55
spider/customers_and_addresses/0010,,12,69,medium,1,6,5,17,77,933,5,5,15,75,872,1,2,2,61
spider/customers_and_addresses/0011,,19,113,extra,1,3,2,5,8,115,2,2,3,6,76,1,2,2,39
spider/customers_and_addresses/0012,,37,209,hard,3,18,15,46,256,2883,17,15,45,255,2833,1,1,1,50
spider/customers_and_addresses/0013,,36,190,hard,3,18,15,46,256,2850,17,15,45,255,2833,1,1,1,17
spider/customers_and_addresses/0014,,37,207,hard,3,18,15,47,257,2887,17,15,45,255,2833,1,2,2,54
spider/customers_and_addresses/0015,,39,229,hard,3,18,15,52,262,2944,17,15,45,255,2833,1,7,7,111
spider/customers_and_addresses/0016,,38,202,extra,3,18,15,46,256,2861,17,15,45,255,2833,1,1,1,28
spider/customers_and_addresses/0017,,6,35,easy,1,8,7,30,120,1246,7,7,15,105,1013,1,15,15,233
spider/customers_and_addresses/0018,,12,51,easy,1,8,7,16,106,1036,7,7,15,105,1013,1,1,1,23
spider/customers_and_addresses/0019,,15,88,medium,1,9,7,18,111,1091,7,7,15,105,1013,2,3,6,78
spider/customers_and_addresses/0020,,16,75,easy,1,8,7,16,106,1031,7,7,15,105,1013,1,1,1,18
spider/customers_and_addresses/0021,,16,102,easy,1,6,5,24,104,1490,5,5,20,100,1446,1,4,4,44
spider/customers_and_addresses/0022,,25,163,medium,2,11,9,38,178,2359,10,9,35,175,2318,1,3,3,41
spider/customers_and_addresses/0023,,28,164,medium,2,11,9,36,176,2372,10,9,35,175,2318,1,1,1,54
spider/customers_and_addresses/0026,,30,176,medium,2,12,9,39,183,2501,10,9,35,175,2318,2,4,8,183
spider/customers_and_addresses/0027,,43,239,extra,3,14,11,50,200,1840,13,11,45,195,1729,1,5,5,111
spider/customers_and_addresses/0028,,41,229,extra,3,14,11,46,196,1764,13,11,45,195,1729,1,1,1,35
spider/customers_and_addresses/0029,,41,225,extra,3,14,11,46,196,1762,13,11,45,195,1729,1,1,1,33
spider/customers_and_addresses/0030,,39,213,hard,3,14,11,46,196,1767,13,11,45,195,1729,1,1,1,38
spider/customers_and_addresses/0031,,39,206,hard,3,14,11,46,196,1761,13,11,45,195,1729,1,1,1,32
spider/customers_and_addresses/0032,,14,88,easy,1,6,5,16,76,730,5,5,15,75,694,1,1,1,36
spider/customers_and_addresses/0033,,12,72,easy,1,6,5,16,76,711,5,5,15,75,694,1,1,1,17
spider/customers_and_addresses/0034,,29,161,medium,2,12,9,35,160,1806,10,9,30,150,1566,2,5,10,240
spider/customers_and_addresses/0035,,28,144,medium,2,9,7,31,121,889,8,7,30,120,857,1,1,1,32
spider/customers_and_addresses/0036,,28,152,medium,2,9,7,31,121,889,8,7,30,120,857,1,1,1,32
spider/customers_and_addresses/0037,,25,142,hard,2,11,9,31,151,1599,10,9,30,150,1566,1,1,1,33
spider/customers_and_addresses/0038,,27,155,extra,2,6,4,19,52,276,5,4,18,51,239,1,1,1,37
spider/customers_and_addresses/0039,,34,186,extra,2,7,4,19,53,288,5,4,18,51,239,2,1,2,49
spider/customers_and_addresses/0040,,38,219,extra,1,8,7,17,107,1088,7,7,15,105,1013,1,2,2,75
spider/customers_and_addresses/0041,,12,66,easy,1,6,5,26,86,1089,5,5,15,75,872,1,11,11,217
spider/customers_and_addresses/0042,,54,289,hard,4,16,12,61,214,2071,15,12,48,201,1805,1,13,13,266
spider/customers_and_addresses/0043,,25,149,hard,2,11,9,37,157,1711,10,9,30,150,1566,1,7,7,145
spider/customers_and_addresses/0044,,96,517,extra,4,16,12,49,202,1840,15,12,48,201,1805,1,1,1,35
spider/customers_and_invoices/0001,,6,29,easy,1,6,5,16,76,663,5,5,15,75,645,1,1,1,18
spider/customers_and_invoices/0002,,8,48,easy,1,6,5,16,76,681,5,5,15,75,645,1,1,1,36
spider/customers_and_invoices/0003,,15,110,medium,1,9,5,30,135,1236,5,5,15,75,645,4,15,60,591
spider/customers_and_invoices/0004,,38,225,medium,2,21,16,34,271,2916,17,16,30,255,2687,4,4,16,229
spider/customers_and_invoices/0005,,38,212,extra,2,19,16,34,263,2783,17,16,30,255,2687,2,4,8,96
spider/customers_and_invoices/0006,,30,165,medium,2,19,16,31,257,2752,17,16,30,255,2687,2,1,2,65
spider/customers_and_invoices/0007,,15,99,extra,2,18,16,31,256,2704,17,16,30,255,2687,1,1,1,17
spider/customers_and_invoices/0008,,27,186,medium,2,20,16,37,276,2968,17,16,30,255,2687,3,7,21,281
spider/customers_and_invoices/0009,,12,73,hard,2,18,16,38,263,2731,17,16,30,255,2687,1,8,8,44
spider/customers_and_invoices/0010,,11,70,medium,1,7,5,22,89,713,5,5,15,75,645,2,7,14,68
spider/customers_and_invoices/0011,,35,213,extra,2,20,16,31,258,2767,17,16,30,255,2687,3,1,3,80
spider/customers_and_invoices/0012,,33,199,medium,2,21,16,37,283,2900,17,16,30,255,2687,4,7,28,213
spider/customers_and_invoices/0013,,32,173,medium,2,19,16,33,261,2759,17,16,30,255,2687,2,3,6,72
spider/customers_and_invoices/0014,,6,30,easy,1,13,12,16,181,2060,12,12,15,180,2042,1,1,1,18
spider/customers_and_invoices/0015,,11,61,medium,1,14,12,17,184,2077,12,12,15,180,2042,2,2,4,35
spider/customers_and_invoices/0016,,6,43,easy,1,9,8,16,121,882,8,8,15,120,864,1,1,1,18
spider/customers_and_invoices/0017,,9,62,medium,1,10,8,16,122,900,8,8,15,120,864,2,1,2,36
spider/customers_and_invoices/0018,,25,132,medium,2,14,12,31,196,1526,13,12,30,195,1509,1,1,1,17
spider/customers_and_invoices/0019,,23,154,medium,1,12,8,16,124,1035,8,8,15,120,864,4,1,4,171
spider/customers_and_invoices/0020,,18,146,hard,1,9,8,25,130,919,8,8,15,120,864,1,10,10,55
spider/customers_and_invoices/0021,,13,109,medium,1,10,8,17,124,959,8,8,15,120,864,2,2,4,95
spider/customers_and_invoices/0022,,29,171,medium,2,16,12,38,219,1631,13,12,30,195,1509,3,8,24,122
spider/customers_and_invoices/0023,,13,96,hard,1,9,8,16,121,883,8,8,15,120,864,1,1,1,19
spider/customers_and_invoices/0024,,32,175,medium,2,15,12,31,197,1549,13,12,30,195,1509,2,1,2,40
spider/customers_and_invoices/0025,,6,42,easy,1,8,7,18,108,805,7,7,15,105,765,1,3,3,40
spider/customers_and_invoices/0026,,6,43,easy,1,8,7,18,108,804,7,7,15,105,765,1,3,3,39
spider/customers_and_invoices/0027,,11,90,medium,1,10,8,24,138,946,8,8,15,120,864,2,9,18,82
spider/customers_and_invoices/0028,,31,201,extra,2,13,10,31,167,1372,11,10,30,165,1306,2,1,2,66
spider/customers_and_invoices/0029,,6,29,easy,1,4,3,16,46,460,3,3,15,45,442,1,1,1,18
spider/customers_and_invoices/0030,,27,134,medium,2,10,6,45,150,1340,7,6,30,105,920,3,15,45,420
spider/customers_and_invoices/0031,,11,64,medium,1,5,3,25,65,524,3,3,15,45,442,2,10,20,82
spider/customers_and_invoices/0032,,32,151,medium,2,9,6,32,109,960,7,6,30,105,920,2,2,4,40
spider/customers_and_invoices/0033,,35,204,extra,2,19,15,31,243,2602,16,15,30,240,2520,3,1,3,82
spider/customers_and_invoices/0034,,25,139,hard,2,13,11,35,185,1119,12,11,30,180,1035,1,5,5,84
spider/customers_and_invoices/0035,,28,156,medium,2,14,11,40,200,1221,12,11,30,180,1035,2,10,20,186
spider/customers_and_invoices/0036,,11,67,medium,1,7,5,23,91,342,5,5,15,75,270,2,8,16,72
spider/customers_and_invoices/0037,,13,87,medium,1,7,5,25,95,370,5,5,15,75,270,2,10,20,100
spider/customers_and_invoices/0038,,36,187,hard,3,18,14,55,260,1681,16,14,45,240,1513,2,10,20,168
spider/customers_and_invoices/0039,,13,85,medium,1,7,5,23,91,360,5,5,15,75,270,2,8,16,90
spider/customers_and_invoices/0040,,13,80,medium,1,7,5,23,91,358,5,5,15,75,270,2,8,16,88
spider/customers_and_invoices/0041,,15,99,extra,2,13,11,31,181,1052,12,11,30,180,1035,1,1,1,17
spider/customers_and_products_contacts/0001,,12,52,easy,1,7,6,16,91,981,6,6,15,90,963,1,1,1,18
spider/customers_and_products_contacts/0002,,6,35,easy,1,7,6,30,105,1176,6,6,15,90,963,1,15,15,213
spider/customers_and_products_contacts/0003,,11,91,medium,1,8,6,29,118,1176,6,6,15,90,963,2,14,28,213
spider/customers_and_products_contacts/0004,,18,143,extra,2,13,10,41,197,2707,11,10,35,185,2520,2,6,12,187
spider/customers_and_products_contacts/0005,,27,161,extra,2,12,10,31,166,2129,11,10,30,165,2104,1,1,1,25
spider/customers_and_products_contacts/0006,,14,86,easy,1,5,4,17,62,620,4,4,15,60,578,1,2,2,42
spider/customers_and_products_contacts/0007,,52,306,extra,2,12,10,33,168,2145,11,10,30,165,2104,1,3,3,41
spider/customers_and_products_contacts/0008,,15,116,medium,1,10,7,30,150,2153,7,7,15,105,1532,3,15,45,621
spider/customers_and_products_contacts/0009,,28,152,medium,2,10,7,40,140,938,8,7,30,120,798,2,10,20,140
spider/customers_and_products_contacts/0010,,18,93,medium,1,7,4,16,63,703,4,4,15,60,578,3,1,3,125
spider/customers_and_products_contacts/0011,,18,102,hard,1,5,4,16,61,595,4,4,15,60,578,1,1,1,17
spider/customers_and_products_contacts/0012,,42,225,medium,3,21,15,70,355,4780,17,15,50,275,3483,4,20,80,1297
spider/customers_and_products_contacts/0013,,35,195,hard,2,12,10,32,167,2139,11,10,30,165,2104,1,2,2,35
spider/customers_and_products_contacts/0014,,45,253,extra,3,17,13,46,227,2383,15,13,45,225,2324,2,1,2,59
spider/customers_and_products_contacts/0015,,22,111,extra,1,6,4,28,86,818,4,4,15,60,578,2,13,26,240
spider/customers_campaigns_ecommerce/0001,,6,29,easy,1,4,3,16,46,619,3,3,15,45,601,1,1,1,18
spider/customers_campaigns_ecommerce/0002,,6,43,easy,1,4,3,18,48,650,3,3,15,45,601,1,3,3,49
spider/customers_campaigns_ecommerce/0003,,12,81,medium,1,5,3,30,75,1151,3,3,15,45,601,2,15,30,550
spider/customers_campaigns_ecommerce/0004,,11,74,medium,1,5,3,18,51,669,3,3,15,45,601,2,3,6,68
spider/customers_campaigns_ecommerce/0005,,11,90,medium,1,7,5,22,104,1238,5,5,20,100,1183,2,2,4,55
spider/customers_campaigns_ecommerce/0006,,18,137,extra,2,14,11,36,192,2467,12,11,30,180,2279,2,6,12,188
spider/customers_campaigns_ecommerce/0007,,30,173,medium,2,14,11,35,190,2450,12,11,30,180,2279,2,5,10,171
spider/customers_campaigns_ecommerce/0008,,11,82,medium,1,6,4,17,64,649,4,4,15,60,593,2,2,4,56
spider/customers_campaigns_ecommerce/0009,,34,183,hard,2,13,11,33,183,2326,12,11,30,180,2279,1,3,3,47
spider/customers_campaigns_ecommerce/0010,,27,164,extra,2,13,11,31,181,2308,12,11,30,180,2279,1,1,1,29
spider/customers_campaigns_ecommerce/0011,,60,359,extra,2,14,11,32,184,2361,12,11,30,180,2279,2,2,4,82
spider/customers_campaigns_ecommerce/0012,,23,135,medium,2,10,7,45,150,1833,8,7,30,120,1518,2,15,30,315
spider/customers_campaigns_ecommerce/0013,,6,57,easy,1,6,5,17,77,959,5,5,15,75,917,1,2,2,42
spider/customers_campaigns_ecommerce/0014,,22,140,extra,1,9,7,27,129,1351,7,7,15,105,1196,2,12,24,155
spider/customers_campaigns_ecommerce/0015,,32,176,medium,2,16,14,32,227,2915,15,14,30,225,2882,1,2,2,33
spider/customers_card_transactions/0001,,6,29,easy,1,5,4,16,61,327,4,4,15,60,309,1,1,1,18
spider/customers_card_transactions/0002,,12,72,medium,1,7,4,30,105,504,4,4,15,60,309,3,15,45,195
spider/customers_card_transactions/0003,,12,69,easy,1,5,4,16,61,345,4,4,15,60,309,1,1,1,36
spider/customers_card_transactions/0004,,34,191,medium,2,14,10,31,168,2176,11,10,30,165,2076,3,1,3,100
spider/customers_card_transactions/0005,,33,169,medium,2,12,10,31,166,2093,11,10,30,165,2076,1,1,1,17
spider/customers_card_transactions/0006,,11,70,medium,1,6,4,24,78,388,4,4,15,60,309,2,9,18,79
spider/customers_card_transactions/0007,,16,101,hard,1,6,4,16,62,344,4,4,15,60,309,2,1,2,35
spider/customers_card_transactions/0008,,35,212,extra,2,14,10,31,168,2154,11,10,30,165,2076,3,1,3,78
spider/customers_card_transactions/0009,,15,99,extra,2,12,10,31,166,2093,11,10,30,165,2076,1,1,1,17
spider/customers_card_transactions/0010,,32,211,extra,2,13,10,36,177,2213,11,10,30,165,2076,2,6,12,137
spider/customers_card_transactions/0011,,23,153,medium,2,13,10,39,183,2257,11,10,30,165,2076,2,9,18,181
spider/customers_card_transactions/0012,,8,48,easy,1,5,4,16,61,345,4,4,15,60,309,1,1,1,36
spider/customers_card_transactions/0013,,6,30,easy,1,8,7,16,106,1785,7,7,15,105,1767,1,1,1,18
spider/customers_card_transactions/0014,,15,111,medium,1,11,7,30,165,2346,7,7,15,105,1767,4,15,60,579
spider/customers_card_transactions/0015,,22,131,medium,1,9,7,16,107,1846,7,7,15,105,1767,2,1,2,79
spider/customers_card_transactions/0016,,6,36,easy,1,8,7,16,106,1411,7,7,15,105,1393,1,1,1,18
spider/customers_card_transactions/0017,,15,98,medium,1,11,7,30,165,1873,7,7,15,105,1393,4,15,60,480
spider/customers_card_transactions/0018,,15,101,medium,1,9,7,16,107,1483,7,7,15,105,1393,2,1,2,90
spider/customers_card_transactions/0019,,34,207,medium,2,17,13,31,213,3261,14,13,30,210,3160,3,1,3,101
spider/customers_card_transactions/0020,,33,176,medium,2,15,13,31,211,3177,14,13,30,210,3160,1,1,1,17
spider/customers_card_transactions/0021,,12,67,easy,1,8,7,16,106,1410,7,7,15,105,1393,1,1,1,17
spider/customers_card_transactions/0022,,40,212,medium,2,15,13,31,211,3177,14,13,30,210,3160,1,1,1,17
spider/customers_card_transactions/0023,,11,77,medium,1,9,7,26,127,1483,7,7,15,105,1393,2,11,22,90
spider/customers_card_transactions/0024,,16,108,hard,1,9,7,16,107,1429,7,7,15,105,1393,2,1,2,36
spider/customers_card_transactions/0025,,36,210,medium,2,17,13,34,222,3294,14,13,30,210,3160,3,4,12,134
spider/customers_card_transactions/0026,,35,219,extra,2,17,13,31,213,3242,14,13,30,210,3160,3,1,3,82
spider/customers_card_transactions/0027,,11,83,medium,1,9,7,17,109,1445,7,7,15,105,1393,2,2,4,52
spider/customers_card_transactions/0028,,13,97,hard,1,8,7,16,106,1420,7,7,15,105,1393,1,1,1,27
spider/customers_card_transactions/0029,,14,87,easy,1,8,7,17,107,1428,7,7,15,105,1393,1,2,2,35
spider/customers_card_transactions/0030,,13,102,medium,1,9,7,17,109,1464,7,7,15,105,1393,2,2,4,71
spider/customers_card_transactions/0031,,38,236,extra,2,16,13,39,228,3290,14,13,30,210,3160,2,9,18,130
spider/customers_card_transactions/0032,,6,51,easy,1,8,7,17,107,1428,7,7,15,105,1393,1,2,2,35
spider/customers_card_transactions/0033,,8,58,easy,1,8,7,16,106,1432,7,7,15,105,1393,1,1,1,39
spider/customers_card_transactions/0034,,6,60,easy,1,10,9,17,137,978,9,9,15,135,939,1,2,2,39
spider/customers_card_transactions/0035,,8,67,easy,1,10,9,16,136,980,9,9,15,135,939,1,1,1,41
spider/customers_card_transactions/0036,,13,90,medium,1,11,9,16,137,1026,9,9,15,135,939,2,1,2,87
spider/customers_card_transactions/0037,,25,156,medium,2,18,15,32,244,2384,16,15,30,240,2332,2,2,4,52
spider/customers_card_transactions/0038,,11,94,medium,1,11,9,17,139,995,9,9,15,135,939,2,2,4,56
spider/customers_card_transactions/0039,,15,123,hard,1,10,9,16,136,969,9,9,15,135,939,1,1,1,30
spider/customers_card_transactions/0040,,11,82,medium,1,11,9,28,161,1039,9,9,15,135,939,2,13,26,100
spider/customer_complaints/0001,,6,30,easy,1,9,8,9,65,1097,8,8,8,64,1080,1,1,1,17
spider/customer_complaints/0002,,15,102,medium,1,10,8,16,80,1432,8,8,8,64,1080,2,8,16,352
spider/customer_complaints/0003,,19,124,extra,1,9,8,9,65,1107,8,8,8,64,1080,1,1,1,27
spider/customer_complaints/0004,,25,139,medium,2,19,16,20,148,1791,17,16,16,140,1706,2,4,8,85
spider/customer_complaints/0005,,27,151,extra,2,18,16,21,173,2281,17,16,20,172,2240,1,1,1,41
spider/customer_complaints/0006,,,177,extra,3,26,23,25,205,2815,25,23,24,204,2786,1,1,1,29
spider/customer_complaints/0007,,25,147,hard,2,18,16,21,173,2276,17,16,20,172,2240,1,1,1,36
spider/customer_complaints/0008,,18,127,extra,2,19,16,21,174,2320,17,16,20,172,2240,2,1,2,80
spider/customer_complaints/0009,,12,71,hard,2,15,12,30,121,1869,14,12,15,106,1592,1,15,15,277
spider/customer_complaints/0010,,12,73,easy,1,9,8,5,33,591,8,8,4,32,546,1,1,1,45
spider/customer_complaints/0011,,14,99,medium,1,10,8,5,34,609,8,8,4,32,546,2,1,2,63
spider/customer_complaints/0013,,13,100,medium,1,10,8,7,38,635,8,8,4,32,546,2,3,6,89
spider/customer_complaints/0015,,14,95,easy,1,10,9,14,110,1198,9,9,12,108,1160,1,2,2,38
spider/customer_complaints/0016,,12,61,medium,1,7,6,8,43,535,6,6,7,42,512,1,1,1,23
spider/customer_complaints/0017,,13,89,hard,1,9,8,9,65,1097,8,8,8,64,1080,1,1,1,17
spider/customer_complaints/0019,,8,58,easy,1,10,9,13,109,1204,9,9,12,108,1160,1,1,1,44
spider/customer_complaints/0020,,15,105,medium,1,10,8,9,66,1159,8,8,8,64,1080,2,1,2,79
spider/customer_complaints/0021,,17,138,medium,1,11,9,14,112,1218,9,9,12,108,1160,2,2,4,58
spider/customer_complaints/0022,,27,135,extra,2,16,14,24,155,1726,15,14,19,150,1672,1,5,5,54
spider/customer_complaints/0023,,13,68,hard,1,9,8,9,65,1101,8,8,8,64,1080,1,1,1,21
spider/customer_deliveries/0001,,12,77,easy,1,5,4,20,65,626,4,4,15,60,589,1,5,5,37
spider/customer_deliveries/0002,,31,188,extra,2,8,5,22,56,438,6,5,21,54,386,2,1,2,52
spider/customer_deliveries/0003,,6,30,easy,1,7,6,16,91,1415,6,6,15,90,1397,1,1,1,18
spider/customer_deliveries/0004,,8,52,easy,1,7,6,16,91,1436,6,6,15,90,1397,1,1,1,39
spider/customer_deliveries/0005,,9,62,easy,1,4,3,30,60,418,3,3,15,45,291,1,15,15,127
spider/customer_deliveries/0006,,11,69,medium,1,5,4,7,25,296,4,4,6,24,271,1,1,1,25
spider/customer_deliveries/0007,,43,252,hard,3,18,15,58,268,3465,17,15,45,255,3245,1,13,13,220
spider/customer_deliveries/0008,,15,88,medium,1,8,6,23,106,1748,6,6,15,90,1397,2,8,16,351
spider/customer_deliveries/0009,,41,235,hard,3,19,15,47,259,3345,17,15,45,255,3245,2,2,4,100
spider/customer_deliveries/0010,,15,120,hard,2,11,10,34,154,1562,10,10,30,150,1499,1,4,4,63
spider/customer_deliveries/0011,,15,111,medium,1,9,6,30,135,2286,6,6,15,90,1397,3,15,45,889
spider/customer_deliveries/0012,,11,73,medium,1,7,6,20,95,1490,6,6,15,90,1397,1,5,5,93
spider/customer_deliveries/0013,,13,91,hard,1,7,6,16,91,1423,6,6,15,90,1397,1,1,1,26
spider/customer_deliveries/0014,,9,58,easy,1,4,3,30,60,1585,3,3,15,45,1230,1,15,15,355
spider/customer_deliveries/0015,,27,164,extra,2,8,6,31,106,1977,7,6,30,105,1930,1,1,1,47
spider/customer_deliveries/0016,,25,166,medium,2,13,10,39,183,1992,11,10,30,165,1848,2,9,18,144
spider/debate/0001,,6,27,easy,1,5,4,7,25,329,4,4,6,24,312,1,1,1,17
spider/debate/0002,,9,53,easy,1,5,4,12,30,433,4,4,6,24,312,1,6,6,121
spider/debate/0003,,9,31,medium,1,6,4,12,36,555,4,4,6,24,312,2,6,12,243
spider/debate/0004,,12,51,easy,1,5,4,10,28,402,4,4,6,24,312,1,4,4,90
spider/debate/0005,,19,52,medium,1,6,5,13,53,594,5,5,10,50,529,1,3,3,65
spider/debate/0006,,11,49,medium,1,6,5,11,51,552,5,5,10,50,529,1,1,1,23
spider/debate/0007,,11,56,medium,1,7,5,14,58,632,5,5,10,50,529,2,4,8,103
spider/debate/0008,,13,70,hard,1,6,5,11,51,552,5,5,10,50,529,1,1,1,23
spider/debate/0009,,6,33,easy,1,5,4,10,28,393,4,4,6,24,312,1,4,4,81
spider/debate/0010,,38,172,medium,3,16,12,26,109,1254,13,12,21,94,955,3,5,15,299
spider/debate/0011,,42,190,hard,3,16,12,26,109,1248,13,12,21,94,955,3,5,15,293
spider/debate/0012,,37,170,hard,3,14,12,24,97,1018,13,12,21,94,955,1,3,3,63
spider/debate/0013,,25,124,medium,2,11,9,19,78,743,9,9,15,70,643,2,4,8,100
spider/debate/0014,,28,125,medium,2,10,9,16,71,670,9,9,15,70,643,1,1,1,27
spider/debate/0015,,15,95,hard,2,10,9,21,76,750,9,9,15,70,643,1,6,6,107
spider/decoration_competition/0001,,6,27,easy,1,5,4,11,41,365,4,4,10,40,347,1,1,1,18
spider/decoration_competition/0002,,9,41,easy,1,5,4,20,50,500,4,4,10,40,347,1,10,10,153
spider/decoration_competition/0003,,9,39,medium,1,6,4,20,60,624,4,4,10,40,347,2,10,20,277
spider/decoration_competition/0004,,19,79,medium,1,5,4,20,50,500,4,4,10,40,347,1,10,10,153
spider/decoration_competition/0005,,11,60,medium,1,6,4,12,44,400,4,4,10,40,347,2,2,4,53
spider/decoration_competition/0006,,13,74,hard,1,5,4,11,41,375,4,4,10,40,347,1,1,1,28
spider/decoration_competition/0007,,14,63,easy,1,5,4,12,42,383,4,4,10,40,347,1,2,2,36
spider/decoration_competition/0008,,9,56,medium,1,6,4,10,30,460,4,4,5,20,286,2,5,10,174
spider/decoration_competition/0009,,23,100,medium,2,10,6,25,80,963,8,6,15,60,633,2,10,20,330
spider/decoration_competition/0010,,27,133,medium,2,10,6,25,80,922,8,6,15,60,633,2,10,20,289
spider/decoration_competition/0011,,26,128,medium,2,9,6,17,62,681,8,6,15,60,633,1,2,2,48
spider/decoration_competition/0012,,23,108,medium,2,10,7,22,76,702,8,7,16,64,522,2,6,12,180
spider/decoration_competition/0013,,26,107,medium,2,9,7,17,65,546,8,7,16,64,522,1,1,1,24
spider/decoration_competition/0014,,22,107,medium,2,9,7,22,70,616,8,7,16,64,522,1,6,6,94
spider/decoration_competition/0015,,15,85,hard,2,9,7,20,68,591,8,7,16,64,522,1,4,4,69
spider/department_management/0001,,12,40,easy,1,5,4,11,41,383,4,4,10,40,366,1,1,1,17
spider/department_management/0002,,15,65,medium,1,7,4,20,70,699,4,4,10,40,366,3,10,30,333
spider/department_management/0003,,12,71,medium,1,9,6,30,135,1054,6,6,15,90,651,3,15,45,403
spider/department_management/0004,,13,78,medium,1,8,6,16,92,721,6,6,15,90,651,2,1,2,70
spider/department_management/0005,,16,73,easy,1,7,6,16,91,696,6,6,15,90,651,1,1,1,45
spider/department_management/0006,,12,54,easy,1,5,4,16,46,468,4,4,10,40,366,1,6,6,102
spider/department_management/0007,,37,185,hard,3,14,10,31,146,1135,13,10,30,145,1115,1,1,1,20
spider/department_management/0008,,14,68,easy,1,5,4,11,41,394,4,4,10,40,366,1,1,1,28
spider/department_management/0009,,13,80,hard,1,7,6,16,91,671,6,6,15,90,651,1,1,1,20
spider/department_management/0010,,30,156,medium,2,11,8,23,111,844,9,8,20,105,749,2,3,6,95
spider/department_management/0011,,8,55,easy,1,4,3,6,16,139,3,3,5,15,98,1,1,1,41
spider/department_management/0012,,15,107,extra,2,10,8,21,106,767,9,8,20,105,749,1,1,1,18
spider/department_management/0013,,26,121,medium,2,8,6,18,58,492,7,6,15,55,464,1,3,3,28
spider/department_management/0014,,74,374,extra,3,14,10,31,146,1143,13,10,30,145,1115,1,1,1,28
spider/department_management/0015,,35,185,medium,2,12,8,21,108,804,9,8,20,105,749,3,1,3,55
spider/department_management/0016,,15,60,medium,1,6,4,13,46,447,4,4,10,40,366,2,3,6,81
spider/department_store/0001,,11,85,medium,1,7,6,18,93,1110,6,6,15,90,1085,1,3,3,25
spider/department_store/0002,,14,88,medium,1,6,4,16,62,556,4,4,15,60,507,2,1,2,49
spider/department_store/0003,,8,54,easy,1,5,4,16,61,549,4,4,15,60,507,1,1,1,42
spider/department_store/0004,,26,135,medium,2,7,5,31,91,1624,6,5,30,90,1562,1,1,1,62
spider/department_store/0005,,30,175,medium,2,10,7,33,126,1298,8,7,30,120,1251,2,3,6,47
spider/department_store/0006,,11,87,medium,1,9,7,17,109,1977,7,7,15,105,1907,2,2,4,70
spider/department_store/0007,,13,85,hard,1,4,3,16,46,194,3,3,15,45,174,1,1,1,20
spider/department_store/0008,,35,213,extra,2,14,10,31,168,2594,11,10,30,165,2493,3,1,3,101
spider/department_store/0009,,13,92,medium,1,6,4,17,64,609,4,4,15,60,507,2,2,4,102
spider/department_store/0010,,25,170,medium,2,9,7,20,99,1820,8,7,19,98,1803,1,1,1,17
spider/department_store/0011,,29,174,hard,2,10,7,31,122,1311,8,7,30,120,1251,2,1,2,60
spider/department_store/0012,,34,183,medium,2,13,9,33,159,1729,10,9,30,150,1592,3,3,9,137
spider/department_store/0014,,60,361,extra,2,13,10,31,167,2595,11,10,30,165,2493,2,1,2,102
spider/department_store/0015,,40,203,extra,2,11,9,32,152,1615,10,9,30,150,1592,1,2,2,23
spider/department_store/0016,,60,368,extra,2,11,8,21,107,1907,9,8,20,105,1859,2,1,2,48
spider/department_store/0017,,13,109,hard,1,7,6,17,92,1749,6,6,15,90,1718,1,2,2,31
spider/department_store/0018,,13,103,hard,1,6,5,16,76,1036,5,5,15,75,1014,1,1,1,22
spider/department_store/0019,,18,119,medium,1,7,4,17,66,625,4,4,15,60,507,3,2,6,118
spider/department_store/0020,,22,140,hard,1,5,4,16,61,540,4,4,15,60,507,1,1,1,33
spider/department_store/0022,,17,92,medium,1,6,4,20,70,612,4,4,15,60,507,2,5,10,105
spider/department_store/0023,,24,165,hard,1,5,4,23,68,631,4,4,15,60,586,1,8,8,45
spider/department_store/0024,,24,193,hard,1,6,5,29,89,1073,5,5,15,75,1014,1,14,14,59
spider/department_store/0025,,15,90,medium,1,9,7,17,109,1961,7,7,15,105,1907,2,2,4,54
spider/department_store/0026,,30,171,hard,2,10,7,36,132,1346,8,7,30,120,1251,2,6,12,95
spider/department_store/0027,,28,148,medium,2,9,7,33,123,1288,8,7,30,120,1251,1,3,3,37
spider/department_store/0029,,12,79,hard,2,11,10,38,136,2416,10,10,19,117,2064,1,19,19,352
spider/department_store/0030,,30,184,hard,2,10,8,33,138,1284,9,8,30,135,1259,1,3,3,25
spider/department_store/0031,,22,103,extra,1,6,4,22,74,635,4,4,15,60,507,2,7,14,128
spider/department_store/0032,,25,144,medium,1,7,6,17,92,1108,6,6,15,90,1085,1,2,2,23
spider/department_store/0033,,30,232,extra,1,8,6,16,92,1174,6,6,15,90,1085,2,1,2,89
spider/department_store/0034,,13,67,medium,1,9,7,16,107,1963,7,7,15,105,1907,2,1,2,56
spider/department_store/0035,,48,255,extra,4,19,15,62,272,3207,18,15,60,270,3174,1,2,2,33
spider/department_store/0036,,41,241,hard,3,15,11,35,164,1812,13,11,34,162,1749,2,1,2,63
spider/department_store/0037,,21,146,extra,1,7,4,17,66,625,4,4,15,60,507,3,2,6,118
spider/department_store/0038,,18,114,medium,1,6,4,18,66,634,4,4,15,60,586,2,3,6,48
spider/department_store/0039,,42,230,hard,3,12,9,48,168,1316,11,9,45,165,1267,1,3,3,49
spider/department_store/0040,,42,234,hard,3,15,12,47,212,2698,14,12,45,210,2667,1,2,2,31
spider/department_store/0041,,60,352,extra,2,10,7,33,126,1315,8,7,30,120,1251,2,3,6,64
spider/department_store/0042,,22,133,extra,1,9,7,16,107,1951,7,7,15,105,1907,2,1,2,44
spider/department_store/0043,,14,75,easy,1,5,4,16,61,551,4,4,15,60,507,1,1,1,44
spider/department_store/0044,,17,106,hard,1,5,4,16,61,530,4,4,15,60,507,1,1,1,23
spider/device/0001,,6,27,easy,1,7,6,7,37,433,6,6,6,36,416,1,1,1,17
spider/device/0002,,9,47,easy,1,7,6,12,42,515,6,6,6,36,416,1,6,6,99
spider/device/0003,,12,63,easy,1,7,6,7,37,447,6,6,6,36,416,1,1,1,31
spider/device/0004,,9,49,easy,1,6,5,24,72,708,5,5,12,60,540,1,12,12,168
spider/device/0005,,8,31,easy,1,4,3,9,25,140,3,3,8,24,111,1,1,1,29
spider/device/0006,,12,66,medium,1,7,5,24,84,822,5,5,12,60,540,2,12,24,282
spider/device/0007,,8,52,easy,1,7,6,7,37,458,6,6,6,36,416,1,1,1,42
spider/device/0008,,15,70,medium,1,7,5,13,62,583,5,5,12,60,540,2,1,2,43
spider/device/0009,,11,58,medium,1,6,5,13,61,575,5,5,12,60,540,1,1,1,35
spider/device/0010,,34,147,medium,3,16,12,34,136,1281,14,12,26,120,1067,2,8,16,214
spider/device/0011,,28,119,medium,2,9,7,22,86,690,8,7,20,84,651,1,2,2,39
spider/device/0012,,27,130,extra,2,9,7,21,85,680,8,7,20,84,651,1,1,1,29
spider/device/0013,,30,138,extra,2,9,7,21,85,680,8,7,20,84,651,1,1,1,29
spider/device/0014,,11,80,medium,1,8,6,8,40,470,6,6,6,36,416,2,2,4,54
spider/device/0015,,11,86,medium,1,7,6,8,38,453,6,6,6,36,416,1,2,2,37
spider/device/0016,,13,94,hard,1,7,6,7,37,448,6,6,6,36,416,1,1,1,32
spider/device/0017,,15,84,hard,2,9,7,26,90,758,8,7,20,84,651,1,6,6,107
spider/device/0019,,15,88,hard,2,10,8,18,64,598,9,8,14,60,527,1,4,4,71
spider/device/0020,,28,125,medium,2,10,8,16,62,568,9,8,14,60,527,1,2,2,41
spider/document_management/0001,,12,79,medium,1,7,5,30,105,1023,5,5,15,75,645,2,15,30,378
spider/document_management/0002,,14,91,medium,1,7,5,16,77,726,5,5,15,75,645,2,1,2,81
spider/document_management/0003,,14,88,easy,1,6,5,16,76,675,5,5,15,75,645,1,1,1,30
spider/document_management/0004,,15,98,hard,1,6,5,16,76,675,5,5,15,75,645,1,1,1,30
spider/document_management/0005,,8,39,easy,1,6,5,16,76,688,5,5,15,75,645,1,1,1,43
spider/document_management/0006,,27,218,extra,2,9,7,21,91,874,8,7,20,90,822,1,1,1,52
spider/document_management/0007,,12,73,easy,1,6,5,16,76,673,5,5,15,75,645,1,1,1,28
spider/document_management/0009,,16,101,easy,1,6,5,19,79,701,5,5,15,75,645,1,4,4,56
spider/document_management/0010,,26,148,medium,2,11,9,31,151,1097,10,9,30,150,1071,1,1,1,26
spider/document_management/0011,,15,117,hard,2,11,9,34,154,1171,10,9,30,150,1071,1,4,4,100
spider/document_management/0012,,16,94,hard,1,7,5,16,77,1138,5,5,15,75,1052,2,1,2,86
spider/document_management/0013,,39,262,hard,3,11,8,34,115,983,10,8,33,114,936,1,1,1,47
spider/document_management/0014,,36,224,hard,3,13,10,55,195,1347,12,10,50,190,1228,1,5,5,119
spider/document_management/0015,,27,169,extra,2,11,9,31,151,1102,10,9,30,150,1071,1,1,1,31
spider/document_management/0016,,12,67,medium,1,6,5,18,78,691,5,5,15,75,645,1,3,3,46
spider/document_management/0017,,12,47,easy,1,6,5,16,76,1069,5,5,15,75,1052,1,1,1,17
spider/document_management/0018,,29,182,hard,2,8,6,18,80,1188,7,6,17,79,1142,1,1,1,46
spider/document_management/0019,,15,102,hard,1,6,5,16,76,677,5,5,15,75,645,1,1,1,32
spider/document_management/0020,,12,67,medium,1,6,4,30,90,1384,4,4,15,60,781,2,15,30,603
spider/document_management/0021,,11,63,medium,1,7,5,17,79,1099,5,5,15,75,1052,2,2,4,47
spider/document_management/0022,,14,88,easy,1,6,5,19,79,701,5,5,15,75,645,1,4,4,56
spider/dorm_1/0001,,12,45,easy,1,5,4,8,29,284,4,4,7,28,247,1,1,1,37
spider/dorm_1/0002,,12,55,easy,1,5,4,9,30,293,4,4,7,28,247,1,2,2,46
spider/dorm_1/0003,,19,59,medium,1,9,8,35,273,1328,8,8,34,272,1311,1,1,1,17
spider/dorm_1/0004,,12,40,easy,1,9,8,41,279,1368,8,8,34,272,1311,1,7,7,57
spider/dorm_1/0005,,21,77,medium,1,9,8,36,274,1336,8,8,34,272,1311,1,2,2,25
spider/dorm_1/0006,,6,25,easy,1,5,4,8,29,264,4,4,7,28,247,1,1,1,17
spider/dorm_1/0007,,6,33,easy,1,3,2,13,25,262,2,2,12,24,244,1,1,1,18
spider/dorm_1/0008,,8,38,easy,1,5,4,8,29,280,4,4,7,28,247,1,1,1,33
spider/dorm_1/0009,,6,28,easy,1,9,8,35,273,1329,8,8,34,272,1311,1,1,1,18
spider/dorm_1/0010,,13,65,medium,1,10,8,53,310,1572,8,8,34,272,1311,2,19,38,261
spider/dorm_1/0011,,19,87,medium,1,6,4,8,30,313,4,4,7,28,247,2,1,2,66
spider/dorm_1/0012,,8,46,easy,1,3,2,41,81,414,2,2,40,80,383,1,1,1,31
spider/dorm_1/0014,,8,39,easy,1,5,4,8,29,278,4,4,7,28,247,1,1,1,31
spider/dorm_1/0015,,15,79,medium,1,6,4,8,30,287,4,4,7,28,247,2,1,2,40
spider/dorm_1/0016,,22,98,extra,1,6,4,11,36,343,4,4,7,28,247,2,4,8,96
spider/dorm_1/0017,,13,75,medium,1,10,8,35,274,1374,8,8,34,272,1311,2,1,2,63
spider/dorm_1/0018,,74,356,extra,3,9,6,61,134,927,8,6,59,132,874,1,2,2,53
spider/dorm_1/0019,,74,345,extra,3,9,6,60,133,904,8,6,59,132,874,1,1,1,30
spider/dorm_1/0020,,38,128,extra,1,9,8,50,288,1437,8,8,34,272,1311,1,16,16,126
spider/dorm_1/0021,,11,65,medium,1,5,4,8,29,278,4,4,7,28,247,1,1,1,31
spider/dorm_1/0022,,9,59,easy,1,3,2,24,36,429,2,2,12,24,244,1,12,12,185
spider/dorm_1/0023,,13,79,hard,1,9,8,35,273,1331,8,8,34,272,1311,1,1,1,20
spider/dorm_1/0024,,21,91,extra,1,10,8,53,310,1573,8,8,34,272,1311,2,19,38,262
spider/dorm_1/0025,,18,77,medium,1,10,8,65,334,1747,8,8,34,272,1311,2,31,62,436
spider/dorm_1/0027,,16,86,medium,1,7,4,10,37,326,4,4,7,28,247,3,3,9,79
spider/dorm_1/0028,,18,70,medium,1,11,8,36,278,1369,8,8,34,272,1311,3,2,6,58
spider/dorm_1/0029,,11,57,medium,1,10,8,40,284,1377,8,8,34,272,1311,2,6,12,66
spider/dorm_1/0030,,16,82,medium,1,11,8,53,329,1623,8,8,34,272,1311,3,19,57,312
spider/dorm_1/0031,,22,98,extra,1,11,8,52,326,1597,8,8,34,272,1311,3,18,54,286
spider/dorm_1/0032,,17,85,medium,1,10,8,41,286,1388,8,8,34,272,1311,2,7,14,77
spider/dorm_1/0033,,26,152,extra,1,10,8,50,304,1540,8,8,34,272,1311,2,16,32,229
spider/dorm_1/0034,,23,105,extra,1,10,8,36,276,1344,8,8,34,272,1311,2,2,4,33
spider/dorm_1/0035,,39,164,hard,3,17,13,79,407,2256,15,13,72,393,2027,2,7,14,229
spider/dorm_1/0036,,32,148,hard,2,8,5,52,118,691,6,5,47,108,630,2,5,10,61
spider/dorm_1/0037,,43,179,extra,3,17,13,76,401,2128,15,13,72,393,2027,2,4,8,101
spider/dorm_1/0038,,37,152,hard,3,16,13,78,399,2083,15,13,72,393,2027,1,6,6,56
spider/dorm_1/0039,,45,199,extra,3,16,13,73,394,2051,15,13,72,393,2027,1,1,1,24
spider/dorm_1/0040,,36,140,hard,3,16,13,73,394,2044,15,13,72,393,2027,1,1,1,17
spider/dorm_1/0041,,44,171,hard,3,16,13,73,394,2044,15,13,72,393,2027,1,1,1,17
spider/dorm_1/0042,,37,169,hard,3,9,6,64,137,941,8,6,59,132,874,1,5,5,67
spider/dorm_1/0044,,27,144,extra,2,5,3,53,105,651,4,3,52,104,627,1,1,1,24
spider/dorm_1/0045,,60,312,extra,5,20,15,155,528,2880,19,15,124,497,2654,1,31,31,226
spider/dorm_1/0046,,42,205,extra,3,10,6,60,134,932,8,6,59,132,874,2,1,2,58
spider/dorm_1/0047,,43,202,hard,3,9,6,63,136,957,8,6,59,132,874,1,4,4,83
spider/dorm_1/0048,,52,259,extra,4,17,12,139,513,2714,15,12,117,469,2407,2,22,44,307
spider/dorm_1/0049,,53,261,extra,4,17,12,126,487,2522,15,12,117,469,2407,2,9,18,115
spider/dorm_1/0050,,59,247,extra,5,20,15,137,510,2815,19,15,124,497,2654,1,13,13,161
spider/driving_school/0001,,6,32,easy,1,3,2,6,9,84,2,2,3,6,59,1,3,3,25
spider/driving_school/0002,,6,30,easy,1,3,2,4,7,76,2,2,3,6,59,1,1,1,17
spider/driving_school/0003,,12,58,easy,1,3,2,4,7,85,2,2,3,6,59,1,1,1,26
spider/driving_school/0004,,12,67,medium,1,12,9,30,180,2035,9,9,15,135,1647,3,15,45,388
spider/driving_school/0005,,19,88,medium,1,10,9,16,136,1692,9,9,15,135,1647,1,1,1,45
spider/driving_school/0006,,19,92,medium,1,10,9,16,136,1696,9,9,15,135,1647,1,1,1,49
spider/driving_school/0007,,19,90,medium,1,10,9,16,136,1694,9,9,15,135,1647,1,1,1,47
spider/driving_school/0008,,12,54,easy,1,10,9,16,136,1664,9,9,15,135,1647,1,1,1,17
spider/driving_school/0009,,19,83,medium,1,10,9,16,136,1682,9,9,15,135,1647,1,1,1,35
spider/driving_school/0010,,6,27,easy,1,10,9,16,136,1665,9,9,15,135,1647,1,1,1,18
spider/driving_school/0011,,34,154,medium,2,16,15,31,226,2660,15,15,30,225,2638,1,1,1,22
spider/driving_school/0012,,38,190,extra,2,17,15,31,227,2694,15,15,30,225,2638,2,1,2,56
spider/driving_school/0013,,36,163,medium,2,20,18,31,286,3152,19,18,30,285,3123,1,1,1,29
spider/driving_school/0014,,34,162,medium,2,16,15,31,226,2663,15,15,30,225,2638,1,1,1,25
spider/driving_school/0015,,12,71,easy,1,7,6,16,91,1008,6,6,15,90,991,1,1,1,17
spider/driving_school/0016,,30,148,medium,2,17,15,32,229,2701,15,15,30,225,2638,2,2,4,63
spider/driving_school/0017,,30,157,extra,2,17,15,31,227,2677,15,15,30,225,2638,2,1,2,39
spider/driving_school/0018,,30,175,medium,2,16,15,32,227,2689,15,15,30,225,2638,1,2,2,51
spider/driving_school/0019,,9,51,medium,1,13,11,30,195,2521,11,11,15,165,2270,2,15,30,251
spider/driving_school/0020,,15,85,medium,1,13,11,16,167,2362,11,11,15,165,2270,2,1,2,92
spider/driving_school/0021,,15,89,medium,1,13,11,28,191,2835,11,11,15,165,2270,2,13,26,565
spider/driving_school/0022,,25,151,extra,1,14,11,17,171,2453,11,11,15,165,2270,3,2,6,183
spider/driving_school/0023,,12,80,easy,1,12,11,21,171,2420,11,11,15,165,2270,1,6,6,150
spider/driving_school/0024,,19,100,medium,1,12,11,16,166,2322,11,11,15,165,2270,1,1,1,52
spider/driving_school/0025,,6,31,easy,1,12,11,16,166,2288,11,11,15,165,2270,1,1,1,18
spider/driving_school/0026,,11,90,medium,1,13,11,17,169,2342,11,11,15,165,2270,2,2,4,72
spider/driving_school/0027,,13,103,hard,1,12,11,16,166,2311,11,11,15,165,2270,1,1,1,41
spider/driving_school/0028,,40,194,medium,2,20,18,31,286,3140,19,18,30,285,3123,1,1,1,17
spider/driving_school/0029,,18,110,medium,1,14,11,16,168,2390,11,11,15,165,2270,3,1,3,120
spider/driving_school/0030,,17,98,medium,1,13,11,18,171,2347,11,11,15,165,2270,2,3,6,77
spider/driving_school/0031,,30,156,medium,2,19,17,31,257,3308,17,17,30,255,3261,2,1,2,47
spider/driving_school/0032,,34,164,medium,2,18,17,31,256,3279,17,17,30,255,3261,1,1,1,18
spider/driving_school/0033,,34,169,medium,2,18,17,31,256,3286,17,17,30,255,3261,1,1,1,25
spider/driving_school/0034,,27,147,extra,2,18,17,31,256,3289,17,17,30,255,3261,1,1,1,28
spider/driving_school/0035,,36,177,medium,2,16,14,31,226,3056,15,14,30,225,3018,1,1,1,38
spider/driving_school/0036,,15,109,extra,2,16,14,31,226,3035,15,14,30,225,3018,1,1,1,17
spider/driving_school/0037,,32,171,medium,2,17,14,31,227,3063,15,14,30,225,3018,2,1,2,45
spider/driving_school/0038,,11,96,medium,1,6,4,17,64,818,4,4,15,60,748,2,2,4,70
spider/driving_school/0039,,12,68,easy,1,9,8,16,121,870,8,8,15,120,853,1,1,1,17
spider/driving_school/0040,,40,173,hard,2,18,16,31,256,2518,17,16,30,255,2500,1,1,1,18
spider/driving_school/0041,,25,111,hard,2,18,16,31,256,2517,17,16,30,255,2500,1,1,1,17
spider/driving_school/0042,,35,151,medium,2,18,16,31,256,2525,17,16,30,255,2500,1,1,1,25
spider/driving_school/0043,,35,145,medium,2,18,16,31,256,2524,17,16,30,255,2500,1,1,1,24
spider/driving_school/0044,,25,118,medium,2,20,18,31,286,3140,19,18,30,285,3123,1,1,1,17
spider/driving_school/0045,,12,69,hard,2,21,17,31,301,3939,20,17,30,300,3917,1,1,1,22
spider/driving_school/0046,,25,121,hard,2,18,16,36,261,2570,17,16,30,255,2500,1,6,6,70
spider/driving_school/0047,,31,173,extra,2,12,9,19,128,957,10,9,18,126,912,2,1,2,45
spider/election/0001,,6,27,easy,1,5,4,6,21,201,4,4,5,20,184,1,1,1,17
spider/election/0002,,9,49,medium,1,6,4,10,30,311,4,4,5,20,184,2,5,10,127
spider/election/0003,,8,34,easy,1,5,4,6,21,215,4,4,5,20,184,1,1,1,31
spider/election/0004,,13,58,medium,1,6,4,6,22,244,4,4,5,20,184,2,1,2,60
spider/election/0005,,6,38,easy,1,8,7,12,60,761,7,7,8,56,735,1,4,4,26
spider/election/0006,,12,56,easy,1,5,4,6,21,203,4,4,5,20,184,1,1,1,19
spider/election/0007,,12,48,easy,1,8,7,11,59,862,7,7,8,56,735,1,3,3,127
spider/election/0008,,9,47,medium,1,9,7,16,72,1231,7,7,8,56,735,2,8,16,496
spider/election/0009,,8,42,easy,1,9,8,8,57,821,8,8,7,56,788,1,1,1,33
spider/election/0010,,15,84,medium,1,10,8,10,62,912,8,8,7,56,788,2,3,6,124
spider/election/0011,,12,64,easy,1,9,8,8,57,807,8,8,7,56,788,1,1,1,19
spider/election/0012,,6,22,easy,1,14,7,16,112,1470,7,7,8,56,735,7,8,56,735
spider/election/0013,,23,109,medium,2,13,11,21,92,1329,11,11,13,76,919,2,8,16,410
spider/election/0014,,26,115,medium,2,12,11,21,84,1234,11,11,13,76,919,1,8,8,315
spider/election/0015,,28,130,medium,2,12,11,14,77,955,11,11,13,76,919,1,1,1,36
spider/election/0016,,26,127,medium,2,12,11,16,79,973,11,11,13,76,919,1,3,3,54
spider/election/0017,,23,98,medium,2,17,14,23,128,1938,15,14,15,112,1523,2,8,16,415
spider/election/0018,,26,103,medium,2,16,14,18,115,1581,15,14,15,112,1523,1,3,3,58
spider/election/0019,,34,127,hard,2,16,14,20,117,1603,15,14,15,112,1523,1,5,5,80
spider/election/0020,,26,112,medium,2,16,14,19,116,1611,15,14,15,112,1523,1,4,4,88
spider/election/0021,,25,128,medium,2,13,11,17,84,1002,11,11,13,76,919,2,4,8,83
spider/election/0022,,25,113,medium,2,17,14,20,122,1622,15,14,15,112,1523,2,5,10,99
spider/election/0023,,9,54,easy,1,5,4,10,25,255,4,4,5,20,184,1,5,5,71
spider/election/0024,,9,56,easy,1,5,4,10,25,255,4,4,5,20,184,1,5,5,71
spider/election/0025,,11,63,medium,1,5,4,6,21,219,4,4,5,20,184,1,1,1,35
spider/election/0026,,11,62,medium,1,5,4,8,23,226,4,4,5,20,184,1,3,3,42
spider/election/0027,,28,132,medium,2,12,11,16,79,970,11,11,13,76,919,1,3,3,51
spider/election/0028,,14,59,easy,1,9,8,9,58,825,8,8,7,56,788,1,2,2,37
spider/election/0029,,27,127,extra,2,16,14,16,113,1546,15,14,15,112,1523,1,1,1,23
spider/election/0030,,13,75,hard,1,9,8,8,57,817,8,8,7,56,788,1,1,1,29
spider/election/0031,,16,98,hard,1,10,8,8,58,833,8,8,7,56,788,2,1,2,45
spider/election/0032,,15,83,hard,2,16,14,17,114,1560,15,14,15,112,1523,1,2,2,37
spider/election/0033,,52,251,extra,2,16,14,16,113,1546,15,14,15,112,1523,1,1,1,23
spider/election/0034,,52,238,extra,2,16,14,16,113,1554,15,14,15,112,1523,1,1,1,31
spider/election_representative/0001,,6,29,easy,1,8,7,6,36,285,7,7,5,35,268,1,1,1,17
spider/election_representative/0002,,9,46,easy,1,8,7,10,40,324,7,7,5,35,268,1,5,5,56
spider/election_representative/0003,,9,40,medium,1,9,7,10,45,364,7,7,5,35,268,2,5,10,96
spider/election_representative/0004,,13,64,medium,1,9,7,6,37,326,7,7,5,35,268,2,1,2,58
spider/election_representative/0005,,9,45,medium,1,7,5,14,49,583,5,5,7,35,391,2,7,14,192
spider/election_representative/0006,,12,59,easy,1,6,5,10,38,448,5,5,7,35,391,1,3,3,57
spider/election_representative/0007,,19,83,medium,1,6,5,10,38,436,5,5,7,35,391,1,3,3,45
spider/election_representative/0008,,23,123,medium,2,14,11,17,80,790,12,11,12,70,659,2,5,10,131
spider/election_representative/0009,,25,127,medium,2,13,11,16,74,731,12,11,12,70,659,1,4,4,72
spider/election_representative/0010,,22,127,medium,2,13,11,17,75,743,12,11,12,70,659,1,5,5,84
spider/election_representative/0011,,24,135,hard,2,13,11,13,71,682,12,11,12,70,659,1,1,1,23
spider/election_representative/0012,,22,138,medium,2,13,11,17,75,730,12,11,12,70,659,1,5,5,71
spider/election_representative/0013,,28,143,medium,2,13,11,13,71,688,12,11,12,70,659,1,1,1,29
spider/election_representative/0014,,11,64,medium,1,7,5,9,39,443,5,5,7,35,391,2,2,4,52
spider/election_representative/0015,,16,95,hard,1,7,5,8,37,429,5,5,7,35,391,2,1,2,38
spider/election_representative/0016,,14,68,easy,1,6,5,9,37,426,5,5,7,35,391,1,2,2,35
spider/election_representative/0017,,14,68,easy,1,6,5,9,37,426,5,5,7,35,391,1,2,2,35
spider/election_representative/0018,,15,112,hard,2,13,11,14,72,690,12,11,12,70,659,1,2,2,31
spider/election_representative/0019,,24,133,hard,1,6,5,8,36,414,5,5,7,35,391,1,1,1,23
spider/election_representative/0020,,8,48,easy,1,6,5,8,36,421,5,5,7,35,391,1,1,1,30
spider/entertainment_awards/0001,,6,28,easy,1,4,3,10,28,381,3,3,9,27,364,1,1,1,17
spider/entertainment_awards/0002,,9,42,easy,1,4,3,18,36,463,3,3,9,27,364,1,9,9,99
spider/entertainment_awards/0003,,12,60,easy,1,4,3,16,34,449,3,3,9,27,364,1,7,7,85
spider/entertainment_awards/0004,,9,58,medium,1,8,6,10,40,525,6,6,5,30,350,2,5,10,175
spider/entertainment_awards/0005,,9,56,easy,1,7,6,10,35,431,6,6,5,30,350,1,5,5,81
spider/entertainment_awards/0006,,11,74,medium,1,7,6,6,31,379,6,6,5,30,350,1,1,1,29
spider/entertainment_awards/0007,,12,59,easy,1,7,6,7,32,399,6,6,5,30,350,1,2,2,49
spider/entertainment_awards/0008,,8,48,easy,1,7,6,6,31,384,6,6,5,30,350,1,1,1,34
spider/entertainment_awards/0009,,11,68,medium,1,7,6,8,33,409,6,6,5,30,350,1,3,3,59
spider/entertainment_awards/0010,,34,175,medium,3,14,10,26,87,1006,12,10,20,75,835,2,6,12,171
spider/entertainment_awards/0011,,37,180,hard,3,13,10,21,76,873,12,10,20,75,835,1,1,1,38
spider/entertainment_awards/0013,,37,197,hard,3,13,10,21,76,865,12,10,20,75,835,1,1,1,30
spider/entertainment_awards/0014,,43,227,hard,3,14,10,23,81,920,12,10,20,75,835,2,3,6,85
spider/entertainment_awards/0015,,40,223,hard,3,15,10,23,84,939,12,10,20,75,835,3,3,9,104
spider/entertainment_awards/0016,,11,55,medium,1,5,3,13,35,497,3,3,9,27,364,2,4,8,133
spider/entertainment_awards/0017,,13,69,hard,1,4,3,10,28,402,3,3,9,27,364,1,1,1,38
spider/entertainment_awards/0018,,14,66,easy,1,7,6,6,31,366,6,6,5,30,350,1,1,1,16
spider/entertainment_awards/0019,,15,93,hard,2,7,5,18,48,523,6,5,15,45,485,1,3,3,38
spider/entertainment_awards/0020,,19,78,medium,1,7,6,7,32,381,6,6,5,30,350,1,2,2,31
spider/entertainment_awards/0021,,8,48,easy,1,7,6,6,31,381,6,6,5,30,350,1,1,1,31
spider/entrepreneur/0001,,6,33,easy,1,6,5,7,31,348,5,5,6,30,331,1,1,1,17
spider/entrepreneur/0002,,9,62,easy,1,6,5,12,36,429,5,5,6,30,331,1,6,6,98
spider/entrepreneur/0003,,9,49,medium,1,7,5,12,42,532,5,5,6,30,331,2,6,12,201
spider/entrepreneur/0004,,8,45,easy,1,6,5,7,31,377,5,5,6,30,331,1,1,1,46
spider/entrepreneur/0005,,9,43,easy,1,6,5,16,48,553,5,5,8,40,396,1,8,8,157
spider/entrepreneur/0006,,19,87,easy,2,11,9,20,76,852,10,9,14,70,727,1,6,6,125
spider/entrepreneur/0007,,26,125,medium,2,11,9,19,75,832,10,9,14,70,727,1,5,5,105
spider/entrepreneur/0008,,11,53,medium,1,6,5,9,41,415,5,5,8,40,396,1,1,1,19
spider/entrepreneur/0009,,25,119,hard,2,11,9,15,71,755,10,9,14,70,727,1,1,1,28
spider/entrepreneur/0010,,28,126,medium,2,11,9,15,71,767,10,9,14,70,727,1,1,1,40
spider/entrepreneur/0011,,34,167,hard,2,11,9,16,72,770,10,9,14,70,727,1,2,2,43
spider/entrepreneur/0012,,23,122,medium,2,11,9,20,76,776,10,9,14,70,727,1,6,6,49
spider/entrepreneur/0013,,11,68,medium,1,7,5,11,40,446,5,5,6,30,331,2,5,10,115
spider/entrepreneur/0014,,13,82,hard,1,6,5,7,31,363,5,5,6,30,331,1,1,1,32
spider/entrepreneur/0015,,14,72,easy,1,6,5,7,31,363,5,5,6,30,331,1,1,1,32
spider/entrepreneur/0017,,15,92,hard,2,11,9,16,72,769,10,9,14,70,727,1,2,2,42
spider/entrepreneur/0018,,24,143,hard,1,6,5,7,31,363,5,5,6,30,331,1,1,1,32
spider/entrepreneur/0019,,8,48,easy,1,6,5,7,31,363,5,5,6,30,331,1,1,1,32
spider/entrepreneur/0020,,25,122,hard,2,11,9,15,71,762,10,9,14,70,727,1,1,1,35
spider/epinions_1/0001,,12,44,easy,1,3,2,9,17,112,2,2,8,16,99,1,1,1,13
spider/epinions_1/0002,,6,18,easy,1,4,2,16,32,198,2,2,8,16,99,2,8,16,99
spider/epinions_1/0003,,6,27,easy,1,6,5,8,36,144,5,5,7,35,127,1,1,1,17
spider/epinions_1/0004,,6,29,easy,1,3,2,8,15,97,2,2,7,14,80,1,1,1,17
spider/epinions_1/0005,,13,50,medium,1,7,5,8,37,183,5,5,7,35,127,2,1,2,56
spider/epinions_1/0006,,8,28,easy,1,6,5,8,36,145,5,5,7,35,127,1,1,1,18
spider/epinions_1/0007,,8,39,easy,1,6,5,8,36,156,5,5,7,35,127,1,1,1,29
spider/epinions_1/0008,,8,39,easy,1,6,5,8,36,156,5,5,7,35,127,1,1,1,29
spider/epinions_1/0009,,15,78,extra,2,8,6,16,52,243,7,6,15,51,226,1,1,1,17
spider/epinions_1/0010,,15,78,hard,2,8,6,19,54,251,7,6,14,49,207,1,5,5,44
spider/epinions_1/0011,,26,91,medium,2,8,6,17,53,250,7,6,15,51,226,1,2,2,24
spider/epinions_1/0012,,32,130,extra,2,8,6,17,53,250,7,6,15,51,226,1,2,2,24
spider/epinions_1/0015,,57,218,extra,2,8,6,17,53,248,7,6,15,51,226,1,2,2,22
spider/epinions_1/0016,,30,119,extra,2,8,6,16,52,246,7,6,15,51,226,1,1,1,20
spider/epinions_1/0017,,9,37,easy,1,3,2,16,24,173,2,2,8,16,99,1,8,8,74
spider/epinions_1/0018,,27,121,extra,2,8,6,15,50,223,7,6,14,49,207,1,1,1,16
spider/epinions_1/0019,,34,140,extra,2,9,6,16,53,253,7,6,15,51,226,2,1,2,27
spider/epinions_1/0020,,34,138,extra,2,9,6,16,53,253,7,6,15,51,226,2,1,2,27
spider/epinions_1/0021,,28,113,medium,2,9,6,16,53,272,7,6,14,49,207,2,2,4,65
spider/epinions_1/0022,,25,107,medium,2,9,6,16,53,247,7,6,14,49,207,2,2,4,40
spider/epinions_1/0023,,25,105,hard,2,8,6,15,50,224,7,6,14,49,207,1,1,1,17
spider/epinions_1/0024,,29,136,extra,2,6,5,17,42,205,5,5,16,41,188,1,1,1,17
spider/epinions_1/0025,,27,122,medium,2,7,5,21,51,282,5,5,16,41,188,2,5,10,94
spider/epinions_1/0026,,24,102,hard,2,6,5,17,42,204,5,5,16,41,188,1,1,1,16
spider/epinions_1/0027,,15,75,hard,2,8,6,18,54,263,7,6,15,51,226,1,3,3,37
spider/epinions_1/0028,,15,82,extra,2,8,6,15,50,224,7,6,14,49,207,1,1,1,17
spider/e_government/0001,,15,135,medium,1,10,7,30,150,1931,7,7,15,105,1513,3,15,45,418
spider/e_government/0002,,6,41,easy,1,7,6,8,38,489,6,6,6,36,453,1,2,2,36
spider/e_government/0003,,27,137,extra,2,12,10,20,102,1378,11,10,19,101,1346,1,1,1,32
spider/e_government/0004,,15,102,medium,1,6,4,16,62,894,4,4,15,60,833,2,1,2,61
spider/e_government/0005,,37,217,extra,2,10,8,31,128,1817,9,8,28,125,1726,1,3,3,91
spider/e_government/0006,,9,68,easy,1,5,4,10,25,386,4,4,5,20,290,1,5,5,96
spider/e_government/0007,,11,77,medium,1,5,4,6,21,332,4,4,5,20,290,1,1,1,42
spider/e_government/0008,,43,289,extra,3,16,13,36,186,2612,15,13,35,185,2577,1,1,1,35
spider/e_government/0009,,49,325,extra,3,16,13,36,186,2611,15,13,35,185,2577,1,1,1,34
spider/e_government/0010,,6,29,easy,1,5,4,16,61,538,4,4,15,60,520,1,1,1,18
spider/e_government/0011,,25,142,hard,2,10,8,31,136,1370,9,8,30,135,1344,1,1,1,26
spider/e_government/0012,,12,81,hard,1,7,6,43,118,1318,6,6,15,90,962,1,28,28,356
spider/e_government/0013,,12,71,easy,1,7,6,16,91,979,6,6,15,90,962,1,1,1,17
spider/e_government/0014,,14,88,easy,1,5,4,18,63,885,4,4,15,60,833,1,3,3,52
spider/e_government/0015,,12,82,medium,1,5,4,7,22,340,4,4,5,20,290,1,2,2,50
spider/e_government/0016,,8,55,easy,1,5,4,16,61,877,4,4,15,60,833,1,1,1,44
spider/e_government/0017,,27,153,extra,2,10,9,31,136,1695,9,9,30,135,1657,1,1,1,38
spider/e_government/0018,,12,101,medium,1,7,6,16,91,1003,6,6,15,90,962,1,1,1,41
spider/e_government/0019,,27,200,extra,2,9,7,21,81,1101,8,7,20,80,1064,1,1,1,37
spider/e_government/0020,,19,145,easy,2,12,10,39,174,2393,11,10,30,165,2287,1,9,9,106
spider/e_learning/0001,,6,28,easy,1,6,5,16,76,587,5,5,15,75,569,1,1,1,18
spider/e_learning/0002,,12,69,easy,1,6,5,16,76,603,5,5,15,75,569,1,1,1,34
spider/e_learning/0003,,12,85,easy,1,10,9,16,136,2218,9,9,15,135,2151,1,1,1,67
spider/e_learning/0004,,6,52,easy,1,10,9,30,150,2950,9,9,15,135,2151,1,15,15,799
spider/e_learning/0005,,9,68,medium,1,11,9,30,165,2473,9,9,15,135,2151,2,15,30,322
spider/e_learning/0006,,9,81,medium,1,7,5,40,140,1951,5,5,20,100,1075,2,20,40,876
spider/e_learning/0007,,8,63,easy,1,6,5,21,101,1111,5,5,20,100,1075,1,1,1,36
spider/e_learning/0008,,8,53,easy,1,6,5,21,101,1101,5,5,20,100,1075,1,1,1,26
spider/e_learning/0009,,12,74,easy,1,4,3,23,53,683,3,3,15,45,489,1,8,8,194
spider/e_learning/0010,,12,67,easy,1,4,3,16,46,506,3,3,15,45,489,1,1,1,17
spider/e_learning/0011,,12,58,easy,1,9,8,16,121,1503,8,8,15,120,1472,1,1,1,31
spider/e_learning/0012,,19,102,medium,1,9,8,17,122,1545,8,8,15,120,1472,1,2,2,73
spider/e_learning/0013,,12,62,medium,1,9,8,16,121,1489,8,8,15,120,1472,1,1,1,17
spider/e_learning/0014,,6,33,easy,1,3,2,6,9,125,2,2,3,6,73,1,3,3,52
spider/e_learning/0015,,9,62,easy,1,18,9,30,270,4302,9,9,15,135,2151,9,15,135,2151
spider/e_learning/0016,,12,75,medium,1,10,8,30,150,1747,8,8,15,120,1472,2,15,30,275
spider/e_learning/0017,,14,104,extra,1,5,3,17,49,535,3,3,15,45,489,2,2,4,46
spider/e_learning/0018,,26,150,medium,2,15,13,31,211,2742,14,13,30,210,2720,1,1,1,22
spider/e_learning/0019,,34,192,hard,2,15,13,32,212,2847,14,13,30,210,2720,1,2,2,127
spider/e_learning/0020,,35,207,extra,2,17,13,31,213,2785,14,13,30,210,2720,3,1,3,65
spider/e_learning/0021,,32,175,medium,2,16,13,35,220,3015,14,13,30,210,2720,2,5,10,295
spider/e_learning/0022,,26,141,medium,2,15,13,31,211,2747,14,13,30,210,2720,1,1,1,27
spider/e_learning/0023,,30,166,medium,2,9,6,24,93,846,7,6,18,81,642,2,6,12,204
spider/e_learning/0024,,29,156,medium,2,10,6,21,90,734,7,6,18,81,642,3,3,9,92
spider/e_learning/0025,,32,178,hard,2,10,6,21,90,734,7,6,18,81,642,3,3,9,92
spider/e_learning/0026,,26,146,medium,2,11,9,37,177,1714,10,9,35,175,1644,1,2,2,70
spider/e_learning/0027,,27,162,extra,2,11,9,36,176,1669,10,9,35,175,1644,1,1,1,25
spider/e_learning/0028,,28,151,medium,2,11,9,36,176,1679,10,9,35,175,1644,1,1,1,35
spider/e_learning/0029,,32,181,medium,2,12,9,36,177,1699,10,9,35,175,1644,2,1,2,55
spider/e_learning/0030,,25,148,medium,2,12,9,45,195,1817,10,9,35,175,1644,2,10,20,173
spider/e_learning/0031,,26,167,medium,2,9,7,43,153,1760,8,7,35,145,1564,1,8,8,196
spider/e_learning/0032,,26,168,medium,2,9,7,42,152,1740,8,7,35,145,1564,1,7,7,176
spider/e_learning/0033,,30,180,medium,2,15,12,36,222,2644,13,12,35,220,2547,2,1,2,97
spider/e_learning/0034,,38,211,extra,2,15,12,36,222,2644,13,12,35,220,2547,2,1,2,97
spider/e_learning/0035,,31,185,extra,2,15,12,36,222,2593,13,12,35,220,2547,2,1,2,46
spider/e_learning/0036,,32,178,medium,2,15,12,39,228,2623,13,12,35,220,2547,2,4,8,76
spider/e_learning/0037,,32,176,medium,2,15,12,45,240,2683,13,12,35,220,2547,2,10,20,136
spider/e_learning/0038,,25,154,hard,2,14,12,38,223,2589,13,12,35,220,2547,1,3,3,42
spider/e_learning/0039,,15,112,extra,2,14,12,36,221,2564,13,12,35,220,2547,1,1,1,17
spider/farm/0001,,6,25,easy,1,11,10,9,81,645,10,10,8,80,628,1,1,1,17
spider/farm/0002,,9,55,easy,1,11,10,16,88,711,10,10,8,80,628,1,8,8,83
spider/farm/0003,,12,58,easy,1,6,5,11,35,509,5,5,6,30,363,1,5,5,146
spider/farm/0004,,9,52,easy,1,6,5,12,36,457,5,5,6,30,363,1,6,6,94
spider/farm/0005,,14,62,easy,1,11,10,9,81,674,10,10,8,80,628,1,1,1,46
spider/farm/0006,,13,44,medium,1,12,10,9,82,674,10,10,8,80,628,2,1,2,46
spider/farm/0007,,8,39,easy,1,7,6,6,31,374,6,6,5,30,343,1,1,1,31
spider/farm/0008,,9,55,easy,1,7,6,10,35,437,6,6,5,30,343,1,5,5,94
spider/farm/0009,,14,78,medium,1,8,6,6,32,403,6,6,5,30,343,2,1,2,60
spider/farm/0010,,23,115,medium,2,13,11,17,72,850,11,11,11,60,706,2,6,12,144
spider/farm/0011,,28,144,medium,2,12,11,12,61,736,11,11,11,60,706,1,1,1,30
spider/farm/0012,,27,148,extra,2,12,11,12,61,727,11,11,11,60,706,1,1,1,21
spider/farm/0013,,26,118,medium,2,12,11,14,63,765,11,11,11,60,706,1,3,3,59
spider/farm/0014,,13,63,medium,1,8,6,7,34,406,6,6,5,30,343,2,2,4,63
spider/farm/0015,,11,61,medium,1,7,6,7,32,370,6,6,5,30,343,1,2,2,27
spider/farm/0016,,13,70,hard,1,7,6,6,31,364,6,6,5,30,343,1,1,1,21
spider/farm/0018,,24,108,hard,1,7,6,6,31,364,6,6,5,30,343,1,1,1,21
spider/farm/0019,,19,76,medium,1,7,6,8,33,413,6,6,5,30,343,1,3,3,70
spider/farm/0020,,12,57,easy,1,7,6,6,31,376,6,6,5,30,343,1,1,1,33
spider/film_rank/0001,,6,25,easy,1,6,5,14,66,812,5,5,13,65,794,1,1,1,18
spider/film_rank/0002,,6,34,easy,1,6,5,26,78,1010,5,5,13,65,794,1,13,13,216
spider/film_rank/0003,,8,37,easy,1,6,5,14,66,841,5,5,13,65,794,1,1,1,47
spider/film_rank/0004,,9,69,medium,1,9,7,18,81,618,7,7,9,63,459,2,9,18,159
spider/film_rank/0005,,12,57,easy,1,8,7,10,64,483,7,7,9,63,459,1,1,1,24
spider/film_rank/0006,,13,64,medium,1,5,3,7,20,180,3,3,6,18,124,2,1,2,56
spider/film_rank/0007,,12,53,easy,1,4,3,7,19,141,3,3,6,18,124,1,1,1,17
spider/film_rank/0008,,9,47,easy,1,4,3,12,24,180,3,3,6,18,124,1,6,6,56
spider/film_rank/0009,,9,54,easy,1,4,3,12,24,180,3,3,6,18,124,1,6,6,56
spider/film_rank/0010,,23,108,medium,2,14,11,31,146,1571,12,11,22,128,1253,2,9,18,318
spider/film_rank/0011,,26,125,medium,2,13,11,23,129,1285,12,11,22,128,1253,1,1,1,32
spider/film_rank/0012,,28,141,medium,2,11,9,16,82,618,10,9,15,81,583,1,1,1,35
spider/film_rank/0013,,23,116,medium,2,12,9,24,99,709,10,9,15,81,583,2,9,18,126
spider/film_rank/0014,,30,146,hard,2,11,9,19,85,617,10,9,15,81,583,1,4,4,34
spider/film_rank/0015,,11,56,medium,1,7,5,23,85,984,5,5,13,65,794,2,10,20,190
spider/film_rank/0016,,13,70,hard,1,6,5,14,66,817,5,5,13,65,794,1,1,1,23
spider/film_rank/0017,,14,60,easy,1,6,5,16,68,845,5,5,13,65,794,1,3,3,51
spider/film_rank/0018,,15,97,hard,2,13,11,31,137,1405,12,11,22,128,1253,1,9,9,152
spider/film_rank/0019,,24,126,hard,1,6,5,14,66,817,5,5,13,65,794,1,1,1,23
spider/film_rank/0020,,15,69,medium,1,7,5,15,69,905,5,5,13,65,794,2,2,4,111
spider/film_rank/0021,,18,85,hard,1,6,5,22,74,940,5,5,13,65,794,1,9,9,146
spider/film_rank/0022,,16,78,easy,1,6,5,23,75,951,5,5,13,65,794,1,10,10,157
spider/film_rank/0023,,24,128,hard,2,13,11,23,129,1290,12,11,22,128,1253,1,1,1,37
spider/film_rank/0024,,36,203,extra,3,17,13,38,166,1708,15,13,28,146,1377,2,10,20,331
spider/flight_1/0001,,6,29,easy,1,4,3,17,49,426,3,3,16,48,408,1,1,1,18
spider/flight_1/0002,,9,42,medium,1,5,3,32,80,768,3,3,16,48,408,2,16,32,360
spider/flight_1/0003,,12,46,easy,1,4,3,30,62,466,3,3,16,48,408,1,14,14,58
spider/flight_1/0004,,14,66,easy,1,4,3,17,49,425,3,3,16,48,408,1,1,1,17
spider/flight_1/0005,,15,57,medium,1,5,3,17,50,455,3,3,16,48,408,2,1,2,47
spider/flight_1/0006,,18,78,medium,1,6,3,17,51,484,3,3,16,48,408,3,1,3,76
spider/flight_1/0007,,14,68,medium,1,5,3,17,50,445,3,3,16,48,408,2,1,2,37
spider/flight_1/0008,,11,51,medium,1,4,3,19,51,484,3,3,16,48,408,1,3,3,76
spider/flight_1/0009,,18,88,hard,1,4,3,23,55,530,3,3,16,48,408,1,7,7,122
spider/flight_1/0010,,6,29,easy,1,4,3,32,94,1010,3,3,31,93,992,1,1,1,18
spider/flight_1/0011,,12,56,medium,1,5,3,62,155,1668,3,3,31,93,992,2,31,62,676
spider/flight_1/0012,,12,46,easy,1,4,3,46,108,1166,3,3,31,93,992,1,15,15,174
spider/flight_1/0013,,14,68,easy,1,4,3,32,94,1009,3,3,31,93,992,1,1,1,17
spider/flight_1/0014,,15,62,medium,1,5,3,32,95,1034,3,3,31,93,992,2,1,2,42
spider/flight_1/0015,,13,52,medium,1,5,3,32,95,1053,3,3,31,93,992,2,1,2,61
spider/flight_1/0016,,14,66,medium,1,5,3,32,95,1036,3,3,31,93,992,2,1,2,44
spider/flight_1/0017,,11,53,medium,1,4,3,34,96,1045,3,3,31,93,992,1,3,3,53
spider/flight_1/0018,,18,84,hard,1,4,3,44,106,1188,3,3,31,93,992,1,13,13,196
spider/flight_1/0019,,15,65,medium,1,5,3,32,95,1032,3,3,31,93,992,2,1,2,40
spider/flight_1/0020,,6,27,easy,1,9,8,11,81,855,8,8,10,80,837,1,1,1,18
spider/flight_1/0021,,15,74,medium,1,11,8,20,110,1117,8,8,10,80,837,3,10,30,280
spider/flight_1/0022,,12,52,easy,1,9,8,18,88,880,8,8,10,80,837,1,8,8,43
spider/flight_1/0023,,12,56,easy,1,9,8,12,82,875,8,8,10,80,837,1,2,2,38
spider/flight_1/0024,,22,114,medium,1,10,8,12,84,954,8,8,10,80,837,2,2,4,117
spider/flight_1/0025,,12,45,easy,1,9,8,16,86,871,8,8,10,80,837,1,6,6,34
spider/flight_1/0026,,21,89,medium,1,9,8,11,81,863,8,8,10,80,837,1,1,1,26
spider/flight_1/0027,,15,63,medium,1,10,8,13,86,928,8,8,10,80,837,2,3,6,91
spider/flight_1/0028,,14,68,medium,1,10,8,11,82,870,8,8,10,80,837,2,1,2,33
spider/flight_1/0029,,11,53,medium,1,9,8,13,83,861,8,8,10,80,837,1,3,3,24
spider/flight_1/0030,,19,80,medium,1,10,8,11,82,890,8,8,10,80,837,2,1,2,53
spider/flight_1/0031,,11,58,medium,1,10,8,12,84,888,8,8,10,80,837,2,2,4,51
spider/flight_1/0032,,11,68,medium,1,10,8,19,98,975,8,8,10,80,837,2,9,18,138
spider/flight_1/0033,,13,72,hard,1,9,8,11,81,862,8,8,10,80,837,1,1,1,25
spider/flight_1/0034,,13,77,hard,1,9,8,11,81,862,8,8,10,80,837,1,1,1,25
spider/flight_1/0035,,26,90,medium,2,12,9,27,129,1271,11,9,26,128,1245,1,1,1,26
spider/flight_1/0036,,26,105,medium,2,12,9,28,130,1263,11,9,26,128,1245,1,2,2,18
spider/flight_1/0037,,25,104,medium,2,13,9,34,144,1410,11,9,26,128,1245,2,8,16,165
spider/flight_1/0038,,28,108,medium,2,12,9,28,130,1288,11,9,26,128,1245,1,2,2,43
spider/flight_1/0039,,8,43,easy,1,3,2,70,139,966,2,2,69,138,937,1,1,1,29
spider/flight_1/0040,,12,59,hard,2,6,4,111,242,2059,5,4,100,231,1929,1,11,11,130
spider/flight_1/0041,,37,147,hard,3,9,5,118,281,2379,8,5,116,279,2337,1,2,2,42
spider/flight_1/0042,,37,148,hard,3,9,5,124,287,2454,8,5,116,279,2337,1,8,8,117
spider/flight_1/0043,,74,316,extra,3,9,5,120,283,2400,8,5,116,279,2337,1,4,4,63
spider/flight_1/0044,,43,181,hard,3,9,5,138,301,2680,8,5,116,279,2337,1,22,22,343
spider/flight_1/0045,,27,123,extra,2,6,4,86,187,1371,5,4,85,186,1345,1,1,1,26
spider/flight_1/0046,,36,140,extra,2,6,4,90,191,1438,5,4,85,186,1345,1,5,5,93
spider/flight_1/0047,,31,141,extra,2,7,4,101,233,1973,5,4,100,231,1929,2,1,2,44
spider/flight_1/0048,,45,187,extra,3,9,5,117,280,2360,8,5,116,279,2337,1,1,1,23
spider/flight_4/0001,,12,47,easy,1,10,9,7185,64657,671700,9,9,7184,64656,671674,1,1,1,26
spider/flight_4/0002,,21,96,medium,1,13,9,7188,64672,671939,9,9,7184,64656,671674,4,4,16,265
spider/flight_4/0003,,6,29,easy,1,8,7,6163,43135,308421,7,7,6162,43134,308401,1,1,1,20
spider/flight_4/0004,,12,54,easy,1,8,7,6163,43135,308420,7,7,6162,43134,308401,1,1,1,19
spider/flight_4/0005,,14,61,easy,1,10,9,7185,64657,671700,9,9,7184,64656,671674,1,1,1,26
spider/flight_4/0006,,19,75,medium,1,10,9,7310,64782,675072,9,9,7184,64656,671674,1,126,126,3398
spider/flight_4/0007,,12,53,medium,1,8,7,6168,43140,308494,7,7,6162,43134,308401,1,6,6,93
spider/flight_4/0008,,14,60,easy,1,10,9,8769,66241,708841,9,9,7184,64656,671674,1,1585,1585,37167
spider/flight_4/0009,,11,60,medium,1,10,9,7185,64657,671694,9,9,7184,64656,671674,1,1,1,20
spider/flight_4/0010,,12,63,medium,1,10,9,7185,64657,671693,9,9,7184,64656,671674,1,1,1,19
spider/flight_4/0011,,14,69,easy,1,10,9,7185,64657,671704,9,9,7184,64656,671674,1,1,1,30
spider/flight_4/0012,,25,110,medium,2,16,14,73403,581055,2477744,15,14,73402,581054,2477724,1,1,1,20
spider/flight_4/0013,,24,103,medium,2,18,17,74425,602577,2841017,17,17,74424,602576,2840997,1,1,1,20
spider/flight_4/0014,,17,81,medium,1,12,9,7185,64659,671741,9,9,7184,64656,671674,3,1,3,67
spider/flight_4/0015,,17,86,medium,1,12,9,7185,64659,671740,9,9,7184,64656,671674,3,1,3,66
spider/flight_4/0016,,35,165,extra,2,20,17,74425,602579,2841092,17,17,74424,602576,2840997,3,1,3,95
spider/flight_4/0017,,31,138,extra,2,17,14,73412,581074,2477953,15,14,73402,581054,2477724,2,10,20,229
spider/flight_4/0018,,35,165,extra,2,20,17,74425,602579,2841092,17,17,74424,602576,2840997,3,1,3,95
spider/flight_4/0019,,27,126,medium,2,16,14,73403,581055,2477759,15,14,73402,581054,2477724,1,1,1,35
spider/flight_4/0020,,13,76,hard,1,8,7,6163,43135,308429,7,7,6162,43134,308401,1,1,1,28
spider/flight_4/0021,,19,95,extra,1,8,7,6163,43135,308429,7,7,6162,43134,308401,1,1,1,28
spider/flight_4/0022,,14,85,extra,1,9,7,6440,43690,312204,7,7,6162,43134,308401,2,278,556,3803
spider/flight_4/0023,,14,85,extra,1,11,9,7421,65130,674961,9,9,7184,64656,671674,2,237,474,3287
spider/flight_4/0024,,20,111,hard,1,11,9,8393,67074,687398,9,9,7184,64656,671674,2,1209,2418,15724
spider/flight_4/0025,,20,91,medium,1,10,9,7198,64670,671836,9,9,7184,64656,671674,1,14,14,162
spider/flight_4/0026,,,93,easy,1,10,9,7185,64657,671692,9,9,7184,64656,671674,1,1,1,18
spider/flight_4/0027,,17,76,medium,1,11,9,7623,65534,676965,9,9,7184,64656,671674,2,439,878,5291
spider/flight_4/0028,,17,77,medium,1,10,9,7299,64771,672835,9,9,7184,64656,671674,1,115,115,1161
spider/flight_4/0029,,25,111,medium,2,19,17,77582,608892,2930051,17,17,74424,602576,2840997,2,3158,6316,89054
spider/flight_4/0030,,28,134,hard,2,19,17,77582,608892,2930051,17,17,74424,602576,2840997,2,3158,6316,89054
spider/flight_4/0031,,13,68,medium,1,11,9,7421,65130,677208,9,9,7184,64656,671674,2,237,474,5534
spider/flight_4/0032,,14,59,easy,1,10,9,7508,64980,674924,9,9,7184,64656,671674,1,324,324,3250
spider/flight_4/0033,,32,147,extra,2,18,14,73949,582695,2493689,15,14,73402,581054,2477724,3,547,1641,15965
spider/flight_4/0034,,25,105,medium,2,18,17,74425,602577,2841017,17,17,74424,602576,2840997,1,1,1,20
spider/flight_4/0035,,44,182,hard,3,25,19,80587,645711,3149416,24,19,80586,645710,3149398,1,1,1,18
spider/flight_4/0036,,25,133,medium,2,18,17,74425,602577,2841016,17,17,74424,602576,2840997,1,1,1,19
spider/flight_4/0037,,35,204,extra,2,18,17,74425,602577,2841016,17,17,74424,602576,2840997,1,1,1,19
spider/flight_4/0038,,35,206,extra,2,18,17,84931,613083,2912315,17,17,74424,602576,2840997,1,10507,10507,71318
spider/flight_4/0039,,27,121,extra,2,16,14,73403,581055,2477743,15,14,73402,581054,2477724,1,1,1,19
spider/flight_4/0040,,34,152,extra,2,18,17,74425,602577,2841046,17,17,74424,602576,2840997,1,1,1,49
spider/flight_4/0041,,34,152,extra,2,18,17,74425,602577,2841046,17,17,74424,602576,2840997,1,1,1,49
spider/flight_company/0001,,12,48,easy,1,9,8,14,105,866,8,8,13,104,848,1,1,1,18
spider/flight_company/0002,,15,77,medium,1,11,8,26,143,1380,8,8,13,104,848,3,13,39,532
spider/flight_company/0003,,18,78,medium,1,10,6,18,90,921,6,6,9,54,510,4,9,36,411
spider/flight_company/0004,,8,58,easy,1,7,6,15,85,1084,6,6,14,84,1040,1,1,1,44
spider/flight_company/0005,,14,57,easy,1,9,8,14,105,875,8,8,13,104,848,1,1,1,27
spider/flight_company/0006,,23,100,medium,2,16,13,40,214,2362,14,13,27,188,1888,2,13,26,474
spider/flight_company/0007,,12,51,easy,1,7,6,17,62,686,6,6,9,54,510,1,8,8,176
spider/flight_company/0008,,26,117,medium,2,15,13,28,189,1913,14,13,27,188,1888,1,1,1,25
spider/flight_company/0009,,32,133,medium,2,16,13,30,194,1976,14,13,27,188,1888,2,3,6,88
spider/flight_company/0010,,35,152,extra,2,17,13,23,161,1408,14,13,22,158,1358,3,1,3,50
spider/flight_company/0011,,34,154,hard,2,15,13,24,160,1389,14,13,22,158,1358,1,2,2,31
spider/flight_company/0012,,16,94,hard,1,8,6,15,86,1077,6,6,14,84,1040,2,1,2,37
spider/flight_company/0013,,21,117,extra,2,15,13,23,159,1375,14,13,22,158,1358,1,1,1,17
spider/flight_company/0014,,52,279,extra,2,15,13,28,189,1909,14,13,27,188,1888,1,1,1,21
spider/flight_company/0015,,12,58,medium,1,7,6,10,55,549,6,6,9,54,510,1,1,1,39
spider/flight_company/0016,,36,158,hard,3,22,17,44,258,2459,20,17,36,242,2398,2,8,16,61
spider/flight_company/0017,,11,61,medium,1,8,6,16,68,620,6,6,9,54,510,2,7,14,110
spider/flight_company/0018,,14,64,easy,1,7,6,10,55,538,6,6,9,54,510,1,1,1,28
spider/flight_company/0019,,13,70,hard,1,9,8,14,105,869,8,8,13,104,848,1,1,1,21
spider/game_1/0001,,6,32,easy,1,4,3,7,19,313,3,3,6,18,296,1,1,1,17
spider/game_1/0002,,8,45,easy,1,4,3,7,19,326,3,3,6,18,296,1,1,1,30
spider/game_1/0003,,6,38,easy,1,4,3,12,24,441,3,3,6,18,296,1,6,6,145
spider/game_1/0004,,12,58,medium,1,5,3,12,30,569,3,3,6,18,296,2,6,12,273
spider/game_1/0005,,12,67,easy,1,4,3,7,19,318,3,3,6,18,296,1,1,1,22
spider/game_1/0006,,12,61,easy,1,4,3,7,19,329,3,3,6,18,296,1,1,1,33
spider/game_1/0007,,12,82,easy,1,4,3,7,19,313,3,3,6,18,296,1,1,1,17
spider/game_1/0008,,11,61,medium,1,5,3,12,30,466,3,3,6,18,296,2,6,12,170
spider/game_1/0009,,13,75,hard,1,4,3,7,19,326,3,3,6,18,296,1,1,1,30
spider/game_1/0010,,13,70,hard,1,4,3,7,19,330,3,3,6,18,296,1,1,1,34
spider/game_1/0011,,12,49,easy,1,9,8,35,273,1328,8,8,34,272,1311,1,1,1,17
spider/game_1/0012,,12,46,easy,1,9,8,37,275,1340,8,8,34,272,1311,1,3,3,29
spider/game_1/0013,,12,43,easy,1,9,8,52,290,1451,8,8,34,272,1311,1,18,18,140
spider/game_1/0014,,23,91,medium,1,12,8,40,296,1485,8,8,34,272,1311,4,6,24,174
spider/game_1/0015,,14,65,easy,1,9,8,43,281,1378,8,8,34,272,1311,1,9,9,67
spider/game_1/0016,,8,48,easy,1,6,5,15,71,422,5,5,14,70,387,1,1,1,35
spider/game_1/0017,,8,44,easy,1,6,5,15,71,418,5,5,14,70,387,1,1,1,31
spider/game_1/0018,,12,54,easy,1,6,5,22,78,446,5,5,14,70,387,1,8,8,59
spider/game_1/0019,,26,108,medium,2,14,12,56,350,1763,13,12,48,342,1698,1,8,8,65
spider/game_1/0020,,8,39,easy,1,6,5,15,71,414,5,5,14,70,387,1,1,1,27
spider/game_1/0021,,21,94,medium,1,6,5,15,71,413,5,5,14,70,387,1,1,1,26
spider/game_1/0022,,11,68,medium,1,7,5,24,90,532,5,5,14,70,387,2,10,20,145
spider/game_1/0023,,16,85,medium,1,8,5,26,106,563,5,5,14,70,387,3,12,36,176
spider/game_1/0024,,16,73,easy,1,6,5,24,80,458,5,5,14,70,387,1,10,10,71
spider/game_1/0025,,31,145,extra,2,15,12,49,344,1734,13,12,48,342,1698,2,1,2,36
spider/game_1/0026,,19,108,extra,1,6,5,15,71,412,5,5,14,70,387,1,1,1,25
spider/game_1/0027,,12,61,hard,2,14,12,70,364,1841,13,12,48,342,1698,1,22,22,143
spider/game_1/0028,,24,112,hard,2,14,12,52,346,1733,13,12,48,342,1698,1,4,4,35
spider/game_1/0029,,24,113,hard,2,14,12,50,344,1721,13,12,48,342,1698,1,2,2,23
spider/game_1/0030,,24,106,hard,2,14,12,72,366,1853,13,12,48,342,1698,1,24,24,155
spider/game_1/0031,,40,165,hard,2,15,12,49,344,1749,13,12,48,342,1698,2,1,2,51
spider/game_1/0032,,32,131,extra,2,15,12,49,344,1751,13,12,48,342,1698,2,1,2,53
spider/game_1/0033,,8,45,easy,1,4,3,11,31,183,3,3,10,30,153,1,1,1,30
spider/game_1/0034,,12,62,hard,2,12,10,73,331,1649,11,10,44,302,1464,1,29,29,185
spider/game_1/0035,,12,68,hard,2,9,7,25,101,557,8,7,24,100,540,1,1,1,17
spider/game_1/0036,,13,72,medium,1,5,3,16,42,228,3,3,10,30,153,2,6,12,75
spider/game_1/0037,,13,70,medium,1,5,3,15,40,237,3,3,10,30,153,2,5,10,84
spider/game_1/0038,,28,142,extra,2,7,5,17,49,479,6,5,16,48,449,1,1,1,30
spider/game_1/0039,,29,135,medium,2,7,5,18,50,503,6,5,16,48,449,1,2,2,54
spider/game_1/0040,,44,175,hard,3,15,12,53,323,1829,14,12,50,320,1760,1,3,3,69
spider/game_1/0041,,38,159,hard,2,15,12,53,352,1787,13,12,48,342,1698,2,5,10,89
spider/game_injury/0001,,12,45,easy,1,9,8,21,161,1268,8,8,20,160,1250,1,1,1,18
spider/game_injury/0002,,9,45,easy,1,9,8,40,180,1570,8,8,20,160,1250,1,20,20,320
spider/game_injury/0003,,12,59,medium,1,11,8,40,220,1806,8,8,20,160,1250,3,20,60,556
spider/game_injury/0004,,18,83,medium,1,9,6,14,81,778,6,6,13,78,707,3,1,3,71
spider/game_injury/0005,,12,70,easy,1,7,6,16,81,759,6,6,13,78,707,1,3,3,52
spider/game_injury/0006,,18,106,medium,1,9,6,28,129,1434,6,6,15,90,1008,3,13,39,426
spider/game_injury/0007,,26,115,medium,2,15,13,36,251,2276,14,13,35,250,2258,1,1,1,18
spider/game_injury/0008,,36,146,medium,2,17,13,38,259,2358,14,13,35,250,2258,3,3,9,100
spider/game_injury/0009,,42,183,extra,3,22,18,49,330,3006,20,18,48,328,2965,2,1,2,41
spider/game_injury/0010,,49,205,extra,3,22,18,51,334,3059,20,18,48,328,2965,2,3,6,94
spider/game_injury/0011,,8,50,easy,1,7,6,16,91,1039,6,6,15,90,1008,1,1,1,31
spider/game_injury/0012,,15,88,extra,2,15,13,36,251,2275,14,13,35,250,2258,1,1,1,17
spider/game_injury/0013,,28,120,medium,2,15,13,36,251,2292,14,13,35,250,2258,1,1,1,34
spider/game_injury/0014,,74,332,extra,3,21,18,49,329,3000,20,18,48,328,2965,1,1,1,35
spider/game_injury/0015,,50,265,extra,3,23,18,52,340,3160,20,18,48,328,2965,3,4,12,195
spider/game_injury/0016,,12,49,medium,1,7,6,15,80,760,6,6,13,78,707,1,2,2,53
spider/game_injury/0017,,25,104,medium,2,16,13,45,262,2041,14,13,33,238,1957,2,12,24,84
spider/game_injury/0018,,27,121,medium,2,16,13,50,280,2752,14,13,35,250,2258,2,15,30,494
spider/gas_company/0001,,6,28,easy,1,10,9,11,91,761,9,9,10,90,743,1,1,1,18
spider/gas_company/0002,,12,68,medium,1,11,9,20,110,943,9,9,10,90,743,2,10,20,200
spider/gas_company/0003,,15,77,medium,1,11,9,16,102,931,9,9,10,90,743,2,6,12,188
spider/gas_company/0004,,12,75,medium,1,11,9,20,110,982,9,9,10,90,743,2,10,20,239
spider/gas_company/0005,,18,89,medium,1,12,9,11,93,833,9,9,10,90,743,3,1,3,90
spider/gas_company/0006,,6,42,easy,1,10,9,13,93,798,9,9,10,90,743,1,3,3,55
spider/gas_company/0007,,11,71,medium,1,11,9,15,100,821,9,9,10,90,743,2,5,10,78
spider/gas_company/0008,,13,82,medium,1,11,9,13,96,864,9,9,10,90,743,2,3,6,121
spider/gas_company/0009,,18,113,hard,1,11,9,11,92,790,9,9,10,90,743,2,1,2,47
spider/gas_company/0011,,15,91,medium,1,9,6,22,99,1111,6,6,11,66,768,3,11,33,343
spider/gas_company/0012,,14,70,easy,1,7,6,12,67,785,6,6,11,66,768,1,1,1,17
spider/gas_company/0013,,14,85,extra,1,8,6,22,88,948,6,6,11,66,768,2,11,22,180
spider/gas_company/0014,,24,147,hard,1,10,9,13,93,777,9,9,10,90,743,1,3,3,34
spider/gas_company/0015,,18,104,hard,1,10,9,12,92,782,9,9,10,90,743,1,2,2,39
spider/gas_company/0016,,25,136,medium,2,14,11,21,118,935,12,11,16,108,841,2,5,10,94
spider/gas_company/0017,,18,123,extra,2,14,11,21,118,1020,12,11,16,108,841,2,5,10,179
spider/gas_company/0018,,37,189,hard,3,19,16,29,176,1651,18,16,27,174,1609,1,2,2,42
spider/gas_company/0019,,37,181,hard,3,19,16,33,180,1693,18,16,27,174,1609,1,6,6,84
spider/gas_company/0020,,19,112,extra,1,7,6,12,67,800,6,6,11,66,768,1,1,1,32
spider/gas_company/0021,,9,51,easy,1,7,6,22,77,913,6,6,11,66,768,1,11,11,145
spider/gas_company/0022,,24,142,medium,1,12,9,13,99,867,9,9,10,90,743,3,3,9,124
spider/gas_company/0023,,40,224,extra,3,20,16,30,180,1712,18,16,27,174,1609,2,3,6,103
spider/gymnast/0001,,6,28,easy,1,9,8,8,57,498,8,8,7,56,481,1,1,1,17
spider/gymnast/0002,,9,59,easy,1,9,8,14,63,556,8,8,7,56,481,1,7,7,75
spider/gymnast/0003,,9,68,easy,1,9,8,14,63,556,8,8,7,56,481,1,7,7,75
spider/gymnast/0004,,8,46,easy,1,9,8,8,57,533,8,8,7,56,481,1,1,1,52
spider/gymnast/0005,,9,41,easy,1,6,5,20,60,806,5,5,10,50,554,1,10,10,252
spider/gymnast/0006,,19,83,easy,2,14,13,24,113,1212,13,13,17,106,1035,1,7,7,177
spider/gymnast/0007,,26,120,medium,2,14,13,20,109,1128,13,13,17,106,1035,1,3,3,93
spider/gymnast/0008,,11,51,medium,1,6,5,11,51,570,5,5,10,50,554,1,1,1,16
spider/gymnast/0009,,11,49,medium,1,6,5,15,55,681,5,5,10,50,554,1,5,5,127
spider/gymnast/0010,,25,119,hard,2,14,13,18,107,1062,13,13,17,106,1035,1,1,1,27
spider/gymnast/0011,,21,87,easy,2,14,13,18,107,1073,13,13,17,106,1035,1,1,1,38
spider/gymnast/0012,,26,125,medium,2,14,13,19,108,1071,13,13,17,106,1035,1,2,2,36
spider/gymnast/0013,,25,125,medium,2,15,13,21,114,1136,13,13,17,106,1035,2,4,8,101
spider/gymnast/0014,,27,139,extra,2,14,13,18,107,1064,13,13,17,106,1035,1,1,1,29
spider/gymnast/0015,,28,129,medium,2,14,13,18,107,1064,13,13,17,106,1035,1,1,1,29
spider/gymnast/0016,,23,106,medium,2,14,13,24,113,1212,13,13,17,106,1035,1,7,7,177
spider/gymnast/0017,,25,140,hard,2,14,13,19,108,1067,13,13,17,106,1035,1,2,2,32
spider/gymnast/0018,,24,99,hard,1,6,5,11,51,583,5,5,10,50,554,1,1,1,29
spider/gymnast/0019,,8,43,easy,1,6,5,11,51,587,5,5,10,50,554,1,1,1,33
spider/gymnast/0020,,23,112,medium,2,14,13,24,113,1087,13,13,17,106,1035,1,7,7,52
spider/hospital_1/0001,,15,92,hard,1,4,3,4,10,115,3,3,3,9,87,1,1,1,28
spider/hospital_1/0002,,15,87,hard,1,4,3,4,10,100,3,3,3,9,87,1,1,1,13
spider/hospital_1/0003,,32,164,extra,2,9,6,13,47,638,7,6,12,45,574,2,1,2,64
spider/hospital_1/0004,,18,76,easy,2,14,13,22,96,1099,13,13,13,87,968,1,9,9,131
spider/hospital_1/0005,,30,130,medium,2,15,13,16,93,1054,13,13,13,87,968,2,3,6,86
spider/hospital_1/0006,,11,65,medium,1,8,7,10,64,688,7,7,9,63,659,1,1,1,29
spider/hospital_1/0007,,19,90,easy,2,12,11,27,108,1280,11,11,18,99,1146,1,9,9,134
spider/hospital_1/0008,,25,124,hard,2,12,11,22,103,1210,11,11,18,99,1146,1,4,4,64
spider/hospital_1/0009,,41,199,hard,3,12,9,32,96,977,10,9,23,78,705,2,9,18,272
spider/hospital_1/0010,,25,110,hard,2,14,13,14,88,990,13,13,13,87,968,1,1,1,22
spider/hospital_1/0011,,14,48,easy,1,6,5,4,16,218,5,5,3,15,195,1,1,1,23
spider/hospital_1/0012,,39,167,hard,3,17,14,17,79,1021,16,14,16,78,999,1,1,1,22
spider/hospital_1/0013,,47,183,extra,4,22,19,16,78,929,21,19,15,77,905,1,1,1,24
spider/hospital_1/0014,,17,73,hard,2,12,11,8,40,528,11,11,7,39,504,1,1,1,24
spider/hospital_1/0015,,27,140,extra,2,13,12,13,79,865,12,12,12,78,839,1,1,1,26
spider/hospital_1/0016,,25,120,medium,2,12,8,16,66,869,10,8,13,60,796,2,3,6,73
spider/hospital_1/0017,,28,123,medium,2,11,8,14,61,819,10,8,13,60,796,1,1,1,23
spider/hospital_1/0018,,34,158,medium,2,9,5,52,212,862,7,5,48,204,813,2,4,8,49
spider/hospital_1/0019,,34,156,medium,2,9,5,51,210,859,7,5,48,204,813,2,3,6,46
spider/hospital_1/0020,,12,57,easy,1,6,5,39,183,747,5,5,36,180,723,1,3,3,24
spider/hospital_1/0021,,8,41,easy,1,6,5,37,181,756,5,5,36,180,723,1,1,1,33
spider/hospital_1/0022,,37,174,hard,3,15,13,18,75,911,14,13,17,74,888,1,1,1,23
spider/hospital_1/0023,,41,197,hard,3,16,13,18,76,940,14,13,17,74,888,2,1,2,52
spider/hospital_1/0024,,25,120,medium,2,12,10,10,42,452,10,10,8,38,401,2,2,4,51
spider/hospital_1/0025,,12,57,medium,1,5,4,10,37,511,4,4,9,36,487,1,1,1,24
spider/hospital_1/0026,,11,60,medium,2,13,12,11,61,636,12,12,10,60,612,1,1,1,24
spider/hospital_1/0027,,37,145,hard,3,18,16,14,76,829,17,16,13,75,807,1,1,1,22
spider/hospital_1/0028,,9,45,easy,1,6,5,6,18,237,5,5,3,15,180,1,3,3,57
spider/hospital_1/0029,,19,98,easy,2,12,11,12,54,540,11,11,9,51,483,1,3,3,57
spider/hospital_1/0030,,9,50,easy,1,5,4,10,25,266,4,4,5,20,198,1,5,5,68
spider/hospital_1/0031,,25,119,hard,2,11,10,13,55,713,10,10,12,54,690,1,1,1,23
spider/hospital_1/0032,,15,85,medium,3,12,9,32,96,780,10,9,23,78,705,2,9,18,75
spider/hospital_1/0033,,25,136,medium,2,7,6,17,45,267,6,6,14,42,218,1,3,3,49
spider/hospital_1/0034,,19,66,medium,2,11,10,11,47,539,10,10,9,45,518,1,2,2,21
spider/hospital_1/0035,,18,68,medium,1,6,3,8,24,355,3,3,7,21,277,3,1,3,78
spider/hospital_1/0036,,12,59,medium,1,5,3,14,35,531,3,3,7,21,277,2,7,14,254
spider/hospital_1/0037,,11,49,medium,1,4,3,10,24,367,3,3,7,21,277,1,3,3,90
spider/hospital_1/0038,,37,158,hard,3,12,10,35,121,1317,11,10,31,117,1255,1,4,4,62
spider/hospital_1/0039,,36,167,extra,3,12,10,32,118,1275,11,10,31,117,1255,1,1,1,20
spider/hospital_1/0040,,39,169,hard,3,12,10,32,118,1293,11,10,31,117,1255,1,1,1,38
spider/hospital_1/0041,,37,164,hard,3,12,10,38,124,1451,11,10,31,117,1255,1,7,7,196
spider/hospital_1/0042,,49,216,hard,3,12,10,38,124,1451,11,10,31,117,1255,1,7,7,196
spider/hospital_1/0044,,49,228,hard,3,12,10,36,122,1399,11,10,31,117,1255,1,5,5,144
spider/hospital_1/0046,,45,205,extra,3,11,9,27,82,770,10,9,23,78,705,1,4,4,65
spider/hospital_1/0047,,43,190,hard,3,17,15,15,65,766,16,15,12,62,710,1,3,3,56
spider/hospital_1/0048,,35,187,extra,3,17,15,13,63,727,16,15,12,62,710,1,1,1,17
spider/hospital_1/0049,,6,32,easy,1,8,7,10,64,676,7,7,9,63,659,1,1,1,17
spider/hospital_1/0050,,19,87,easy,2,11,10,12,48,575,10,10,9,45,518,1,3,3,57
spider/hr_1/0001,,23,130,medium,2,17,13,240,1497,10707,15,13,134,1285,8986,2,106,212,1721
spider/hr_1/0002,,18,85,medium,1,14,11,157,1327,9290,11,11,107,1177,8262,3,50,150,1028
spider/hr_1/0003,,15,81,medium,1,13,11,108,1179,8307,11,11,107,1177,8262,2,1,2,45
spider/hr_1/0005,,12,61,easy,1,8,4,28,112,820,4,4,27,108,724,4,1,4,96
spider/hr_1/0006,,12,63,medium,1,12,11,195,1265,9338,11,11,107,1177,8262,1,88,88,1076
spider/hr_1/0007,,24,137,medium,1,16,11,195,1617,11332,11,11,107,1177,8262,5,88,440,3070
spider/hr_1/0008,,27,160,hard,1,16,11,195,1617,11332,11,11,107,1177,8262,5,88,440,3070
spider/hr_1/0009,,14,70,easy,1,12,11,137,1207,8820,11,11,107,1177,8262,1,30,30,558
spider/hr_1/0010,,28,115,medium,1,22,11,213,2343,16453,11,11,107,1177,8262,11,106,1166,8191
spider/hr_1/0012,,18,92,medium,1,14,11,111,1189,8382,11,11,107,1177,8262,3,4,12,120
spider/hr_1/0014,,22,99,extra,1,13,11,111,1185,8347,11,11,107,1177,8262,2,4,8,85
spider/hr_1/0015,,15,74,medium,1,13,11,214,1391,9378,11,11,107,1177,8262,2,107,214,1116
spider/hr_1/0016,,12,54,easy,1,22,11,214,2354,16524,11,11,107,1177,8262,11,107,1177,8262
spider/hr_1/0017,,22,99,extra,1,22,11,155,1705,12060,11,11,107,1177,8262,11,48,528,3798
spider/hr_1/0018,,12,54,easy,1,22,11,131,1441,10195,11,11,107,1177,8262,11,24,264,1933
spider/hr_1/0019,,12,50,easy,1,5,4,22,79,859,4,4,19,76,787,1,3,3,72
spider/hr_1/0022,,13,78,medium,1,7,5,19,71,667,5,5,11,55,500,2,8,16,167
spider/hr_1/0023,,16,92,easy,1,12,11,109,1179,8290,11,11,107,1177,8262,1,2,2,28
spider/hr_1/0024,,18,119,medium,1,12,11,112,1182,8303,11,11,107,1177,8262,1,5,5,41
spider/hr_1/0025,,19,109,medium,1,13,11,119,1201,8469,11,11,107,1177,8262,2,12,24,207
spider/hr_1/0026,,11,69,medium,1,8,6,38,168,1409,6,6,23,138,1288,2,15,30,121
spider/hr_1/0028,,14,77,easy,1,6,5,14,58,533,5,5,11,55,500,1,3,3,33
spider/hr_1/0029,,45,238,hard,4,26,20,254,1642,12827,24,20,182,1498,10695,2,72,144,2132
spider/hr_1/0030,,25,153,medium,2,17,13,145,1307,9171,15,13,134,1285,8986,2,11,22,185
spider/hr_1/0031,,25,112,medium,2,32,13,122,1296,9489,16,13,118,1232,8762,16,4,64,727
spider/hr_1/0032,,26,120,medium,2,17,14,145,1291,9599,15,14,126,1253,9049,2,19,38,550
spider/hr_1/0033,,25,135,extra,1,13,11,127,1217,8590,11,11,107,1177,8262,2,20,40,328
spider/hr_1/0034,,13,78,medium,1,13,11,119,1201,8410,11,11,107,1177,8262,2,12,24,148
spider/hr_1/0035,,24,161,extra,1,14,11,133,1255,8771,11,11,107,1177,8262,3,26,78,509
spider/hr_1/0036,,18,93,hard,1,12,11,158,1228,8535,11,11,107,1177,8262,1,51,51,273
spider/hr_1/0037,,25,145,extra,1,13,11,115,1193,8372,11,11,107,1177,8262,2,8,16,110
spider/hr_1/0038,,19,117,easy,2,16,13,145,1296,9134,15,13,134,1285,8986,1,11,11,148
spider/hr_1/0039,,26,137,medium,2,30,13,145,1450,10312,15,13,134,1285,8986,15,11,165,1326
spider/hr_1/0040,,16,70,easy,1,12,11,117,1187,8358,11,11,107,1177,8262,1,10,10,96
spider/hr_1/0041,,30,132,medium,2,17,14,160,1321,9930,15,14,126,1253,9049,2,34,68,881
spider/hr_1/0042,,30,158,medium,2,17,13,140,1297,9123,15,13,134,1285,8986,2,6,12,137
spider/hr_1/0043,,20,98,hard,1,22,11,118,1298,9241,11,11,107,1177,8262,11,11,121,979
spider/hr_1/0044,,23,141,hard,2,26,13,141,1362,9673,15,13,134,1285,8986,11,7,77,687
spider/hr_1/0045,,28,169,extra,1,14,11,141,1279,9199,11,11,107,1177,8262,3,34,102,937
spider/hr_1/0046,,35,197,extra,1,14,11,140,1276,9173,11,11,107,1177,8262,3,33,99,911
spider/hr_1/0047,,26,174,extra,1,14,11,191,1429,9886,11,11,107,1177,8262,3,84,252,1624
spider/hr_1/0048,,42,249,extra,1,15,11,147,1337,9298,11,11,107,1177,8262,4,40,160,1036
spider/hr_1/0049,,27,138,extra,1,13,11,208,1379,9623,11,11,107,1177,8262,2,101,202,1361
spider/hr_1/0050,,33,175,extra,1,15,11,117,1217,8583,11,11,107,1177,8262,4,10,40,321
spider/hr_1/0051,,19,99,medium,1,13,11,115,1193,8383,11,11,107,1177,8262,2,8,16,121
spider/hr_1/0052,,15,95,hard,2,27,13,218,2332,16499,16,13,118,1232,8762,11,100,1100,7737
spider/hr_1/0053,,22,130,medium,1,16,11,119,1237,8697,11,11,107,1177,8262,5,12,60,435
spider/hr_1/0054,,46,249,medium,3,26,18,263,1953,15164,21,18,157,1423,10274,5,106,530,4890
spider/hr_1/0055,,45,227,extra,3,24,18,160,1432,10412,21,18,157,1423,10274,3,3,9,138
spider/hr_1/0056,,27,146,medium,2,13,9,77,327,2902,10,9,50,246,2012,3,27,81,890
spider/hr_1/0057,,53,281,hard,4,28,20,254,1786,13842,24,20,182,1498,10695,4,72,288,3147
spider/hr_1/0058,,23,147,medium,2,17,13,145,1307,9171,15,13,134,1285,8986,2,11,22,185
spider/hr_1/0059,,42,214,hard,3,24,18,158,1426,10335,21,18,157,1423,10274,3,1,3,61
spider/icfp_1/0001,,6,28,easy,1,4,3,14,40,287,3,3,13,39,269,1,1,1,18
spider/icfp_1/0002,,6,25,easy,1,4,3,9,25,284,3,3,8,24,267,1,1,1,17
spider/icfp_1/0003,,6,27,easy,1,3,2,8,15,435,2,2,7,14,418,1,1,1,17
spider/icfp_1/0004,,45,179,hard,3,10,7,35,110,1006,9,7,34,109,946,1,1,1,60
spider/icfp_1/0005,,45,176,hard,3,10,7,35,110,1017,9,7,34,109,946,1,1,1,71
spider/icfp_1/0006,,44,178,hard,3,10,7,35,110,963,9,7,34,109,946,1,1,1,17
spider/icfp_1/0007,,45,183,hard,3,11,8,36,120,813,10,8,35,119,795,1,1,1,18
spider/icfp_1/0008,,45,183,hard,3,11,8,36,120,824,10,8,35,119,795,1,1,1,29
spider/icfp_1/0009,,41,196,hard,3,12,8,38,125,864,10,8,35,119,795,2,3,6,69
spider/icfp_1/0010,,41,182,hard,3,12,8,36,121,832,10,8,35,119,795,2,1,2,37
spider/icfp_1/0011,,37,161,hard,3,10,7,37,112,982,9,7,34,109,946,1,3,3,36
spider/icfp_1/0013,,37,169,hard,3,10,7,30,95,1027,9,7,29,94,944,1,1,1,83
spider/icfp_1/0014,,37,157,hard,3,10,7,30,95,1027,9,7,29,94,944,1,1,1,83
spider/icfp_1/0015,,39,175,hard,3,10,7,30,95,977,9,7,29,94,944,1,1,1,33
spider/icfp_1/0016,,39,184,hard,3,10,7,30,95,977,9,7,29,94,944,1,1,1,33
spider/icfp_1/0017,,45,177,hard,3,10,7,35,110,1017,9,7,34,109,946,1,1,1,71
spider/icfp_1/0018,,45,182,hard,3,10,7,35,110,974,9,7,34,109,946,1,1,1,28
spider/icfp_1/0019,,63,240,extra,4,13,9,43,134,1284,12,9,42,133,1213,1,1,1,71
spider/icfp_1/0020,,63,242,extra,4,13,9,43,134,1286,12,9,42,133,1213,1,1,1,73
spider/icfp_1/0021,,41,194,extra,3,10,7,35,110,964,9,7,34,109,946,1,1,1,18
spider/icfp_1/0022,,38,176,extra,3,10,7,30,95,962,9,7,29,94,944,1,1,1,18
spider/icfp_1/0023,,38,170,extra,3,10,7,30,95,976,9,7,29,94,944,1,1,1,32
spider/icfp_1/0024,,12,48,medium,1,3,2,8,15,491,2,2,7,14,418,1,1,1,73
spider/icfp_1/0025,,12,54,medium,1,3,2,8,15,491,2,2,7,14,418,1,1,1,73
spider/icfp_1/0026,,37,161,extra,3,10,7,36,111,970,9,7,34,109,946,1,2,2,24
spider/icfp_1/0027,,37,158,extra,3,10,7,36,111,973,9,7,34,109,946,1,2,2,27
spider/icfp_1/0028,,32,152,extra,2,7,5,22,71,705,6,5,21,70,677,1,1,1,28
spider/icfp_1/0029,,12,46,easy,1,4,3,14,40,291,3,3,13,39,269,1,1,1,22
spider/icfp_1/0030,,12,46,easy,1,4,3,14,40,287,3,3,13,39,269,1,1,1,18
spider/icfp_1/0031,,9,40,easy,1,4,3,26,52,389,3,3,13,39,269,1,13,13,120
spider/icfp_1/0032,,9,40,easy,1,4,3,26,52,382,3,3,13,39,269,1,13,13,113
spider/icfp_1/0033,,12,54,medium,1,5,3,26,65,488,3,3,13,39,269,2,13,26,219
spider/inn_1/0001,,25,87,medium,1,8,7,11,71,613,7,7,10,70,575,1,1,1,38
spider/inn_1/0002,,22,87,medium,1,9,7,14,78,699,7,7,10,70,575,2,4,8,124
spider/inn_1/0003,,27,131,extra,2,17,16,611,5471,34122,16,16,610,5470,34086,1,1,1,36
spider/inn_1/0004,,19,80,medium,1,10,9,602,5402,33527,9,9,600,5400,33511,1,2,2,16
spider/inn_1/0005,,19,84,medium,1,10,9,601,5401,33528,9,9,600,5400,33511,1,1,1,17
spider/inn_1/0006,,40,185,extra,2,20,16,611,5474,34181,16,16,610,5470,34086,4,1,4,95
spider/inn_1/0009,,14,51,easy,1,8,7,11,71,593,7,7,10,70,575,1,1,1,18
spider/inn_1/0010,,18,83,medium,1,9,7,14,78,728,7,7,10,70,575,2,4,8,153
spider/inn_1/0011,,14,76,medium,1,9,7,11,72,627,7,7,10,70,575,2,1,2,52
spider/inn_1/0012,,12,64,easy,1,8,7,11,71,594,7,7,10,70,575,1,1,1,19
spider/inn_1/0013,,13,66,medium,1,9,7,13,76,648,7,7,10,70,575,2,3,6,73
spider/inn_1/0014,,14,59,easy,1,8,7,11,71,602,7,7,10,70,575,1,1,1,27
spider/inn_1/0015,,30,135,extra,2,17,16,611,5471,34105,16,16,610,5470,34086,1,1,1,19
spider/inn_1/0018,,6,27,easy,1,8,7,11,71,593,7,7,10,70,575,1,1,1,18
spider/inn_1/0019,,12,50,easy,1,8,7,11,71,592,7,7,10,70,575,1,1,1,17
spider/inn_1/0020,,11,60,medium,1,9,7,13,76,628,7,7,10,70,575,2,3,6,53
spider/inn_1/0021,,11,62,medium,1,8,7,11,71,609,7,7,10,70,575,1,1,1,34
spider/inn_1/0022,,14,74,medium,1,9,7,11,72,624,7,7,10,70,575,2,1,2,49
spider/inn_1/0023,,15,71,medium,1,9,7,14,78,706,7,7,10,70,575,2,4,8,131
spider/inn_1/0024,,17,79,medium,1,9,7,12,74,624,7,7,10,70,575,2,2,4,49
spider/inn_1/0025,,18,85,medium,1,10,7,13,79,683,7,7,10,70,575,3,3,9,108
spider/inn_1/0026,,9,46,easy,1,8,7,20,80,810,7,7,10,70,575,1,10,10,235
spider/inn_1/0027,,17,78,medium,1,9,7,13,76,634,7,7,10,70,575,2,3,6,59
spider/inn_1/0028,,19,73,medium,1,8,7,18,78,765,7,7,10,70,575,1,8,8,190
spider/inn_1/0029,,8,42,easy,1,8,7,11,71,607,7,7,10,70,575,1,1,1,32
spider/inn_1/0030,,14,74,medium,1,9,7,13,76,674,7,7,10,70,575,2,3,6,99
spider/inn_1/0031,,18,89,hard,1,8,7,14,74,672,7,7,10,70,575,1,4,4,97
spider/inn_1/0032,,15,96,extra,2,17,16,611,5471,34103,16,16,610,5470,34086,1,1,1,17
spider/inn_1/0033,,29,132,medium,2,19,16,620,5500,34413,16,16,610,5470,34086,3,10,30,327
spider/inn_1/0034,,28,120,medium,2,17,16,614,5474,34190,16,16,610,5470,34086,1,4,4,104
spider/inn_1/0035,,14,62,easy,1,8,7,14,74,683,7,7,10,70,575,1,4,4,108
spider/inn_1/0036,,25,111,hard,2,17,16,617,5477,34252,16,16,610,5470,34086,1,7,7,166
spider/insurance_and_eClaims/0001,,9,64,easy,1,3,2,30,45,688,2,2,15,30,382,1,15,15,306
spider/insurance_and_eClaims/0002,,25,142,medium,2,8,6,31,106,1387,7,6,30,105,1354,1,1,1,33
spider/insurance_and_eClaims/0003,,13,94,hard,1,6,5,16,76,1005,5,5,15,75,972,1,1,1,33
spider/insurance_and_eClaims/0004,,14,83,easy,1,6,5,18,78,1027,5,5,15,75,972,1,3,3,55
spider/insurance_and_eClaims/0005,,13,67,medium,1,10,8,16,122,1577,8,8,15,120,1505,2,1,2,72
spider/insurance_and_eClaims/0006,,37,235,extra,2,13,12,30,177,1884,12,12,29,176,1835,1,1,1,49
spider/insurance_and_eClaims/0007,,43,241,extra,3,16,13,46,226,2901,15,13,45,225,2859,1,1,1,42
spider/insurance_and_eClaims/0008,,43,235,extra,3,16,13,46,226,2900,15,13,45,225,2859,1,1,1,41
spider/insurance_and_eClaims/0009,,25,148,hard,2,8,6,35,110,1473,7,6,30,105,1354,1,5,5,119
spider/insurance_and_eClaims/0010,,6,45,easy,1,5,4,3,9,164,4,4,2,8,147,1,1,1,17
spider/insurance_and_eClaims/0011,,27,191,extra,2,10,8,18,84,635,9,8,17,83,606,1,1,1,29
spider/insurance_and_eClaims/0012,,12,76,medium,1,3,2,16,31,420,2,2,15,30,382,1,1,1,38
spider/insurance_and_eClaims/0013,,26,148,medium,2,8,6,33,108,1425,7,6,30,105,1354,1,3,3,71
spider/insurance_and_eClaims/0014,,34,185,hard,2,8,6,33,108,1425,7,6,30,105,1354,1,3,3,71
spider/insurance_and_eClaims/0015,,12,76,hard,2,5,4,60,90,1022,4,4,30,60,595,1,30,30,427
spider/insurance_and_eClaims/0016,,11,80,medium,1,7,5,19,83,1056,5,5,15,75,972,2,4,8,84
spider/insurance_and_eClaims/0017,,27,162,extra,2,8,6,31,106,1392,7,6,30,105,1354,1,1,1,38
spider/insurance_and_eClaims/0018,,12,94,easy,1,5,4,3,9,195,4,4,2,8,147,1,1,1,48
spider/insurance_and_eClaims/0019,,8,64,easy,1,6,5,16,76,502,5,5,15,75,459,1,1,1,43
spider/insurance_and_eClaims/0020,,32,172,extra,2,8,6,31,106,1392,7,6,30,105,1354,1,1,1,38
spider/insurance_fnol/0001,,6,45,easy,1,4,3,30,60,944,3,3,15,45,653,1,15,15,291
spider/insurance_fnol/0002,,12,87,easy,1,4,3,19,49,743,3,3,15,45,653,1,4,4,90
spider/insurance_fnol/0003,,13,104,hard,1,4,3,16,46,695,3,3,15,45,653,1,1,1,42
spider/insurance_fnol/0004,,23,201,hard,1,4,3,20,50,760,3,3,15,45,653,1,5,5,107
spider/insurance_fnol/0005,,14,93,easy,1,4,3,17,47,715,3,3,15,45,653,1,2,2,62
spider/insurance_fnol/0006,,13,77,medium,1,6,4,11,42,451,4,4,10,40,357,2,1,2,94
spider/insurance_fnol/0007,,28,156,medium,2,7,5,12,37,327,6,5,11,36,285,1,1,1,42
spider/insurance_fnol/0008,,30,163,extra,2,8,5,21,71,653,7,5,20,70,616,1,1,1,37
spider/insurance_fnol/0009,,25,141,medium,2,7,5,30,87,880,6,5,29,86,863,1,1,1,17
spider/insurance_fnol/0010,,27,166,extra,2,7,5,30,87,892,6,5,29,86,863,1,1,1,29
spider/insurance_fnol/0011,,37,222,hard,3,10,7,45,132,1558,9,7,44,131,1516,1,1,1,42
spider/insurance_fnol/0012,,62,405,extra,3,10,7,46,133,1578,9,7,44,131,1516,1,2,2,62
spider/insurance_fnol/0013,,9,55,easy,1,3,2,8,12,209,2,2,4,8,116,1,4,4,93
spider/insurance_fnol/0014,,6,29,easy,1,3,2,5,9,133,2,2,4,8,116,1,1,1,17
spider/insurance_fnol/0015,,25,160,hard,2,7,5,32,68,722,6,5,22,58,525,1,10,10,197
spider/insurance_fnol/0016,,45,253,extra,3,9,6,28,68,693,8,6,26,66,641,1,2,2,52
spider/insurance_fnol/0018,,12,68,medium,1,3,2,16,31,378,2,2,15,30,356,1,1,1,22
spider/insurance_fnol/0019,,13,77,medium,1,6,4,11,42,431,4,4,10,40,357,2,1,2,74
spider/insurance_fnol/0020,,12,80,medium,1,4,2,30,60,712,2,2,15,30,356,2,15,30,356
spider/insurance_fnol/0021,,30,168,hard,2,8,5,31,90,952,6,5,29,86,863,2,2,4,89
spider/insurance_policies/0001,,68,354,extra,2,15,8,32,199,1650,13,8,30,195,1579,2,2,4,71
spider/insurance_policies/0002,,66,370,extra,3,15,11,46,197,1785,13,11,45,195,1729,2,1,2,56
spider/insurance_policies/0003,,15,120,medium,1,8,5,30,120,1169,5,5,15,75,661,3,15,45,508
spider/insurance_policies/0004,,14,93,medium,1,8,6,16,92,798,6,6,15,90,747,2,1,2,51
spider/insurance_policies/0005,,14,92,medium,1,8,6,16,92,797,6,6,15,90,747,2,1,2,50
spider/insurance_policies/0006,,21,134,extra,1,8,6,21,102,939,6,6,15,90,747,2,6,12,192
spider/insurance_policies/0007,,18,108,hard,1,7,6,22,97,857,6,6,15,90,747,1,7,7,110
spider/insurance_policies/0008,,25,126,medium,2,15,8,39,213,1669,13,8,30,195,1579,2,9,18,90
spider/insurance_policies/0009,,34,184,extra,2,16,8,31,198,1649,13,8,30,195,1579,3,1,3,70
spider/insurance_policies/0010,,31,170,extra,2,15,8,31,197,1613,13,8,30,195,1579,2,1,2,34
spider/insurance_policies/0011,,11,71,medium,1,7,6,16,91,785,6,6,15,90,747,1,1,1,38
spider/insurance_policies/0012,,8,43,easy,1,8,7,16,106,864,7,7,15,105,832,1,1,1,32
spider/insurance_policies/0013,,32,178,medium,2,9,6,34,113,1101,7,6,30,105,982,2,4,8,119
spider/insurance_policies/0014,,9,66,medium,1,9,7,30,135,1231,7,7,15,105,832,2,15,30,399
spider/insurance_policies/0015,,13,100,hard,1,6,5,16,76,698,5,5,15,75,661,1,1,1,37
spider/insurance_policies/0016,,13,99,hard,1,6,5,16,76,704,5,5,15,75,661,1,1,1,43
spider/insurance_policies/0017,,8,40,easy,1,6,5,16,76,695,5,5,15,75,661,1,1,1,34
spider/insurance_policies/0018,,6,47,easy,1,3,2,30,45,664,2,2,15,30,358,1,15,15,306
spider/insurance_policies/0019,,13,103,hard,1,6,5,16,76,654,5,5,15,75,624,1,1,1,30
spider/insurance_policies/0020,,6,32,easy,1,8,7,16,106,850,7,7,15,105,832,1,1,1,18
spider/insurance_policies/0021,,18,115,medium,1,8,5,19,87,813,5,5,15,75,661,3,4,12,152
spider/insurance_policies/0022,,25,157,hard,2,8,6,34,109,1086,7,6,30,105,982,1,4,4,104
spider/insurance_policies/0023,,36,186,medium,2,16,8,35,210,1781,13,8,30,195,1579,3,5,15,202
spider/insurance_policies/0024,,8,38,easy,1,7,6,16,91,780,6,6,15,90,747,1,1,1,33
spider/journal_committee/0001,,6,27,easy,1,4,3,10,28,267,3,3,9,27,250,1,1,1,17
spider/journal_committee/0002,,9,40,easy,1,4,3,18,36,414,3,3,9,27,250,1,9,9,164
spider/journal_committee/0003,,9,35,medium,1,5,3,18,45,468,3,3,9,27,250,2,9,18,218
spider/journal_committee/0004,,12,38,easy,1,4,3,14,32,347,3,3,9,27,250,1,5,5,97
spider/journal_committee/0005,,19,52,medium,1,4,3,11,29,299,3,3,9,27,250,1,2,2,49
spider/journal_committee/0006,,11,48,medium,1,4,3,10,28,274,3,3,9,27,250,1,1,1,24
spider/journal_committee/0007,,11,52,medium,1,5,3,18,45,345,3,3,9,27,250,2,9,18,95
spider/journal_committee/0008,,13,66,hard,1,4,3,10,28,266,3,3,9,27,250,1,1,1,16
spider/journal_committee/0009,,6,34,easy,1,5,4,32,80,1145,4,4,16,64,804,1,16,16,341
spider/journal_committee/0010,,34,161,medium,3,12,8,39,126,1471,10,8,32,112,1183,2,7,14,288
spider/journal_committee/0011,,42,198,hard,3,13,8,39,133,1515,10,8,32,112,1183,3,7,21,332
spider/journal_committee/0012,,37,166,hard,3,11,8,37,117,1288,10,8,32,112,1183,1,5,5,105
spider/journal_committee/0013,,29,152,medium,2,9,5,22,66,547,6,5,16,48,379,3,6,18,168
spider/journal_committee/0014,,28,130,medium,2,7,5,17,49,409,6,5,16,48,379,1,1,1,30
spider/journal_committee/0015,,15,97,hard,2,7,5,19,51,436,6,5,16,48,379,1,3,3,57
spider/journal_committee/0016,,39,190,extra,2,10,6,32,112,1366,7,6,23,85,933,3,9,27,433
spider/journal_committee/0017,,28,130,medium,2,8,6,24,86,962,7,6,23,85,933,1,1,1,29
spider/loan_1/0001,,6,25,easy,1,6,5,5,21,223,5,5,4,20,206,1,1,1,17
spider/loan_1/0002,,8,37,easy,1,6,5,5,21,238,5,5,4,20,206,1,1,1,32
spider/loan_1/0003,,14,66,easy,1,6,5,5,21,237,5,5,4,20,206,1,1,1,31
spider/loan_1/0004,,14,58,easy,1,6,5,5,21,240,5,5,4,20,206,1,1,1,34
spider/loan_1/0005,,8,37,easy,1,6,5,5,21,240,5,5,4,20,206,1,1,1,34
spider/loan_1/0006,,15,63,medium,1,7,5,5,22,250,5,5,4,20,206,2,1,2,44
spider/loan_1/0007,,12,47,easy,1,6,5,6,22,240,5,5,4,20,206,1,2,2,34
spider/loan_1/0008,,9,47,easy,1,9,8,6,27,248,8,8,3,24,215,1,3,3,33
spider/loan_1/0009,,28,128,hard,2,14,11,8,41,366,13,11,6,39,339,1,2,2,27
spider/loan_1/0010,,18,86,medium,1,11,8,4,27,277,8,8,3,24,215,3,1,3,62
spider/loan_1/0011,,8,37,easy,1,6,5,5,21,235,5,5,4,20,206,1,1,1,29
spider/loan_1/0012,,8,38,easy,1,6,5,5,21,236,5,5,4,20,206,1,1,1,30
spider/loan_1/0013,,8,45,easy,1,9,8,4,25,248,8,8,3,24,215,1,1,1,33
spider/loan_1/0014,,15,73,medium,1,10,8,5,28,264,8,8,3,24,215,2,2,4,49
spider/loan_1/0015,,21,75,medium,1,9,8,4,25,239,8,8,3,24,215,1,1,1,24
spider/loan_1/0017,,18,94,hard,1,9,8,4,25,236,8,8,3,24,215,1,1,1,21
spider/loan_1/0018,,32,153,hard,2,14,11,8,41,366,13,11,6,39,339,1,2,2,27
spider/loan_1/0019,,50,236,extra,2,14,11,7,40,360,13,11,6,39,339,1,1,1,21
spider/loan_1/0020,,18,101,hard,1,9,8,5,26,242,8,8,3,24,215,1,2,2,27
spider/loan_1/0021,,11,60,medium,1,6,5,5,21,227,5,5,4,20,206,1,1,1,21
spider/loan_1/0022,,11,60,medium,1,9,8,4,25,236,8,8,3,24,215,1,1,1,21
spider/loan_1/0023,,17,98,medium,1,11,8,4,27,275,8,8,3,24,215,3,1,3,60
spider/loan_1/0024,,30,141,extra,2,14,11,7,40,360,13,11,6,39,339,1,1,1,21
spider/loan_1/0025,,15,80,hard,1,6,5,5,21,227,5,5,4,20,206,1,1,1,21
spider/loan_1/0026,,19,92,medium,1,10,8,5,28,279,8,8,3,24,215,2,2,4,64
spider/loan_1/0027,,19,87,medium,1,10,8,4,26,260,8,8,3,24,215,2,1,2,45
spider/loan_1/0028,,27,116,medium,2,12,9,10,41,405,10,9,7,35,330,2,3,6,75
spider/loan_1/0029,,28,124,medium,2,14,11,7,40,360,13,11,6,39,339,1,1,1,21
spider/loan_1/0030,,35,153,medium,2,15,11,7,41,380,13,11,6,39,339,2,1,2,41
spider/loan_1/0031,,30,133,extra,2,11,9,8,36,351,10,9,7,35,330,1,1,1,21
spider/loan_1/0032,,48,208,extra,3,19,14,11,60,566,18,14,10,59,545,1,1,1,21
spider/loan_1/0033,,19,87,easy,2,11,9,10,38,374,10,9,7,35,330,1,3,3,44
spider/loan_1/0034,,23,124,medium,2,15,11,8,43,390,13,11,6,39,339,2,2,4,51
spider/loan_1/0035,,25,102,medium,2,14,11,7,40,360,13,11,6,39,339,1,1,1,21
spider/loan_1/0036,,30,126,medium,2,12,9,8,37,374,10,9,7,35,330,2,1,2,44
spider/loan_1/0037,,37,153,hard,3,19,14,12,61,579,18,14,10,59,545,1,2,2,34
spider/loan_1/0038,,28,112,medium,2,11,9,8,36,356,10,9,7,35,330,1,1,1,26
spider/loan_1/0039,,16,91,hard,2,14,11,7,40,370,13,11,6,39,339,1,1,1,31
spider/loan_1/0040,,17,95,extra,2,14,11,7,40,369,13,11,6,39,339,1,1,1,30
spider/local_govt_and_lot/0001,,25,140,medium,2,11,7,41,157,1844,9,7,30,135,1737,2,11,22,107
spider/local_govt_and_lot/0002,,26,181,medium,2,8,6,22,73,705,7,6,18,69,641,1,4,4,64
spider/local_govt_and_lot/0003,,32,196,hard,2,15,8,37,185,2403,12,8,26,152,2111,3,11,33,292
spider/local_govt_and_lot/0004,,34,201,extra,2,14,10,27,140,1587,11,10,26,137,1520,3,1,3,67
spider/local_govt_and_lot/0005,,27,166,medium,2,11,7,33,129,1392,8,7,18,84,775,3,15,45,617
spider/local_govt_and_lot/0006,,32,177,medium,2,10,7,29,110,1006,8,7,28,108,946,2,1,2,60
spider/local_govt_and_lot/0007,,27,157,medium,2,11,7,41,147,1535,8,7,28,108,946,3,13,39,589
spider/local_govt_and_lot/0008,,34,219,medium,2,14,8,34,172,1390,12,8,26,156,1280,2,8,16,110
spider/local_govt_and_lot/0009,,38,233,hard,2,10,7,41,145,1387,8,7,33,129,1245,2,8,16,142
spider/local_govt_and_lot/0010,,28,164,medium,2,9,7,31,121,1301,8,7,30,120,1260,1,1,1,41
spider/local_govt_and_lot/0011,,8,71,easy,1,4,3,19,55,682,3,3,18,54,637,1,1,1,45
spider/local_govt_and_lot/0012,,12,97,hard,1,4,3,4,10,192,3,3,3,9,167,1,1,1,25
spider/local_govt_and_lot/0013,,8,40,easy,1,6,5,16,76,1115,5,5,15,75,1065,1,1,1,50
spider/local_govt_and_lot/0014,,12,69,medium,1,6,5,17,77,1126,5,5,15,75,1065,1,2,2,61
spider/local_govt_and_lot/0015,,12,87,medium,1,9,6,26,117,1033,6,6,13,78,595,3,13,39,438
spider/local_govt_and_lot/0016,,15,106,extra,2,9,7,29,109,963,8,7,28,108,946,1,1,1,17
spider/local_govt_and_lot/0017,,6,44,easy,1,6,5,18,78,1152,5,5,15,75,1065,1,3,3,87
spider/local_govt_in_alabama/0001,,26,134,medium,2,6,4,24,58,382,5,4,19,53,327,1,5,5,55
spider/local_govt_in_alabama/0002,,32,165,medium,2,7,4,38,91,466,5,4,33,81,384,2,5,10,82
spider/local_govt_in_alabama/0003,,29,200,medium,2,8,4,43,111,917,5,4,33,81,686,3,10,30,231
spider/local_govt_in_alabama/0004,,12,97,medium,1,6,3,30,90,1060,3,3,15,45,530,3,15,45,530
spider/local_govt_in_alabama/0005,,12,75,easy,1,4,3,16,46,547,3,3,15,45,530,1,1,1,17
spider/local_govt_in_alabama/0006,,9,65,easy,1,3,2,8,12,175,2,2,4,8,99,1,4,4,76
spider/local_govt_in_alabama/0007,,9,51,medium,1,5,3,30,75,400,3,3,15,45,228,2,15,30,172
spider/local_govt_in_alabama/0008,,25,156,hard,2,6,4,34,82,703,5,4,33,81,686,1,1,1,17
spider/local_govt_in_alabama/0009,,13,108,hard,1,4,3,16,46,570,3,3,15,45,530,1,1,1,40
spider/local_govt_in_alabama/0010,,53,301,extra,4,12,7,53,136,1066,10,7,52,134,1013,2,1,2,53
spider/local_govt_in_alabama/0011,,13,92,hard,1,3,2,19,37,174,2,2,18,36,156,1,1,1,18
spider/local_govt_in_alabama/0012,,31,196,hard,3,9,6,62,140,982,8,6,48,126,914,1,14,14,68
spider/local_govt_in_alabama/0013,,52,280,extra,2,6,4,22,56,390,5,4,19,53,327,1,3,3,63
spider/local_govt_in_alabama/0014,,15,104,extra,2,6,4,34,82,401,5,4,33,81,384,1,1,1,17
spider/local_govt_in_alabama/0015,,8,65,easy,1,3,2,19,37,196,2,2,18,36,156,1,1,1,40
spider/local_govt_mdm/0001,,26,171,medium,2,6,4,36,87,759,5,4,30,81,591,1,6,6,168
spider/local_govt_mdm/0002,,32,206,medium,2,7,4,33,87,523,5,4,27,75,424,2,6,12,99
spider/local_govt_mdm/0003,,29,205,medium,2,8,4,27,78,485,5,4,24,69,403,3,3,9,82
spider/local_govt_mdm/0005,,27,186,medium,2,8,4,25,73,487,5,4,23,67,394,3,2,6,93
spider/local_govt_mdm/0006,,37,267,hard,3,8,5,38,93,687,7,5,34,89,655,1,4,4,32
spider/local_govt_mdm/0007,,34,215,hard,2,6,4,28,76,456,5,4,27,75,426,1,1,1,30
spider/local_govt_mdm/0008,,8,67,easy,1,4,3,22,64,384,3,3,21,63,341,1,1,1,43
spider/local_govt_mdm/0009,,9,61,easy,1,4,2,18,36,500,2,2,9,18,250,2,9,18,250
spider/local_govt_mdm/0010,,9,65,medium,1,4,2,4,8,106,2,2,2,4,53,2,2,4,53
spider/local_govt_mdm/0011,,6,33,easy,1,3,2,5,9,81,2,2,4,8,64,1,1,1,17
spider/local_govt_mdm/0013,,12,99,hard,2,6,4,42,86,497,5,4,23,67,394,1,19,19,103
spider/local_govt_mdm/0014,,12,97,medium,1,4,3,23,65,381,3,3,21,63,341,1,2,2,40
spider/machine_repair/0001,,6,31,easy,1,6,5,11,51,408,5,5,10,50,390,1,1,1,18
spider/machine_repair/0002,,9,44,easy,1,6,5,20,60,544,5,5,10,50,390,1,10,10,154
spider/machine_repair/0003,,9,49,medium,1,7,5,20,70,539,5,5,10,50,390,2,10,20,149
spider/machine_repair/0004,,12,47,easy,1,6,5,18,58,520,5,5,10,50,390,1,8,8,130
spider/machine_repair/0005,,19,56,medium,1,6,5,12,52,424,5,5,10,50,390,1,2,2,34
spider/machine_repair/0006,,11,62,medium,1,6,5,11,51,418,5,5,10,50,390,1,1,1,28
spider/machine_repair/0007,,11,58,medium,1,7,5,15,60,448,5,5,10,50,390,2,5,10,58
spider/machine_repair/0008,,13,72,hard,1,6,5,11,51,405,5,5,10,50,390,1,1,1,15
spider/machine_repair/0009,,14,62,easy,1,6,5,13,53,415,5,5,10,50,390,1,3,3,25
spider/machine_repair/0010,,34,182,medium,3,17,12,37,158,1221,15,12,28,140,1019,2,9,18,202
spider/machine_repair/0012,,37,183,hard,3,16,12,35,147,1117,15,12,28,140,1019,1,7,7,98
spider/machine_repair/0013,,25,138,medium,2,10,7,24,87,605,8,7,19,77,501,2,5,10,104
spider/machine_repair/0014,,15,109,hard,2,9,7,24,82,584,8,7,19,77,501,1,5,5,83
spider/machine_repair/0015,,24,125,hard,1,6,5,11,51,418,5,5,10,50,390,1,1,1,28
spider/manufactory_1/0001,,12,53,easy,1,6,5,7,31,271,5,5,6,30,252,1,1,1,19
spider/manufactory_1/0002,,12,61,easy,1,6,5,7,31,282,5,5,6,30,252,1,1,1,30
spider/manufactory_1/0003,,12,72,medium,1,7,5,12,42,391,5,5,6,30,252,2,6,12,139
spider/manufactory_1/0004,,18,80,medium,1,8,5,7,33,326,5,5,6,30,252,3,1,3,74
spider/manufactory_1/0005,,12,57,easy,1,6,5,7,31,269,5,5,6,30,252,1,1,1,17
spider/manufactory_1/0006,,14,67,easy,1,6,5,7,31,278,5,5,6,30,252,1,1,1,26
spider/manufactory_1/0007,,6,46,easy,1,6,5,12,36,321,5,5,6,30,252,1,6,6,69
spider/manufactory_1/0008,,19,91,medium,1,6,5,7,31,269,5,5,6,30,252,1,1,1,17
spider/manufactory_1/0009,,12,54,medium,1,6,5,7,31,271,5,5,6,30,252,1,1,1,19
spider/manufactory_1/0010,,14,64,easy,1,6,5,9,33,292,5,5,6,30,252,1,3,3,40
spider/manufactory_1/0011,,21,94,medium,1,6,5,7,31,278,5,5,6,30,252,1,1,1,26
spider/manufactory_1/0013,,17,96,medium,1,8,5,7,33,311,5,5,6,30,252,3,1,3,59
spider/manufactory_1/0014,,15,88,medium,1,8,5,12,48,438,5,5,6,30,252,3,6,18,186
spider/manufactory_1/0015,,18,96,hard,1,6,5,9,33,285,5,5,6,30,252,1,3,3,33
spider/manufactory_1/0016,,24,130,hard,1,6,5,8,32,291,5,5,6,30,252,1,2,2,39
spider/manufactory_1/0017,,26,138,hard,1,6,5,7,31,278,5,5,6,30,252,1,1,1,26
spider/manufactory_1/0018,,13,71,medium,1,7,5,12,42,356,5,5,6,30,252,2,6,12,104
spider/manufactory_1/0019,,16,92,medium,1,8,5,12,48,443,5,5,6,30,252,3,6,18,191
spider/manufactory_1/0020,,13,65,medium,1,7,5,12,42,381,5,5,6,30,252,2,6,12,129
spider/manufactory_1/0021,,28,127,medium,2,11,7,23,86,639,9,7,17,74,508,2,6,12,131
spider/manufactory_1/0022,,28,151,medium,2,11,7,23,86,617,9,7,17,74,508,2,6,12,109
spider/manufactory_1/0023,,37,192,extra,2,10,7,18,75,537,9,7,17,74,508,1,1,1,29
spider/manufactory_1/0024,,32,154,hard,2,10,7,21,78,553,9,7,17,74,508,1,4,4,45
spider/manufactory_1/0025,,25,122,medium,2,11,7,23,86,610,9,7,17,74,508,2,6,12,102
spider/manufactory_1/0026,,6,25,easy,1,5,4,22,55,389,4,4,11,44,256,1,11,11,133
spider/manufactory_1/0027,,9,39,medium,1,6,4,22,66,440,4,4,11,44,256,2,11,22,184
spider/manufactory_1/0028,,12,44,easy,1,5,4,19,52,359,4,4,11,44,256,1,8,8,103
spider/manufactory_1/0029,,14,53,easy,1,8,4,14,56,360,4,4,11,44,256,4,3,12,104
spider/manufactory_1/0030,,8,31,easy,1,5,4,12,45,293,4,4,11,44,256,1,1,1,37
spider/manufactory_1/0031,,14,54,easy,1,5,4,12,45,280,4,4,11,44,256,1,1,1,24
spider/manufactory_1/0032,,12,48,easy,1,5,4,12,45,273,4,4,11,44,256,1,1,1,17
spider/manufactory_1/0033,,21,97,medium,1,6,4,16,54,350,4,4,11,44,256,2,5,10,94
spider/manufactory_1/0034,,18,82,easy,2,18,7,28,173,1206,9,7,17,74,508,9,11,99,698
spider/manufactory_1/0035,,13,74,medium,1,6,4,17,56,343,4,4,11,44,256,2,6,12,87
spider/manufactory_1/0036,,28,127,medium,2,11,7,23,86,639,9,7,17,74,508,2,6,12,131
spider/manufactory_1/0037,,37,155,medium,2,11,7,22,84,622,9,7,17,74,508,2,5,10,114
spider/manufactory_1/0038,,14,66,medium,1,6,4,12,46,292,4,4,11,44,256,2,1,2,36
spider/manufactory_1/0039,,32,143,medium,2,12,7,23,92,699,9,7,17,74,508,3,6,18,191
spider/manufactory_1/0040,,16,71,medium,1,7,4,21,74,461,4,4,11,44,256,3,10,30,205
spider/manufacturer/0001,,8,43,easy,1,5,4,8,29,238,4,4,7,28,207,1,1,1,31
spider/manufacturer/0002,,14,81,medium,1,6,4,8,30,252,4,4,7,28,207,2,1,2,45
spider/manufacturer/0003,,13,72,medium,1,5,4,8,29,237,4,4,7,28,207,1,1,1,30
spider/manufacturer/0004,,15,79,medium,1,6,4,9,32,272,4,4,7,28,207,2,2,4,65
spider/manufacturer/0005,,14,80,medium,1,6,4,8,30,250,4,4,7,28,207,2,1,2,43
spider/manufacturer/0006,,32,194,extra,2,8,6,16,47,379,7,6,12,43,323,1,4,4,56
spider/manufacturer/0007,,14,82,medium,1,7,5,8,37,290,5,5,7,35,251,2,1,2,39
spider/manufacturer/0008,,14,70,easy,1,6,5,8,36,285,5,5,7,35,251,1,1,1,34
spider/manufacturer/0009,,12,72,medium,1,7,5,14,49,364,5,5,7,35,251,2,7,14,113
spider/manufacturer/0010,,22,98,extra,1,7,5,11,43,335,5,5,7,35,251,2,4,8,84
spider/manufacturer/0011,,19,95,medium,1,7,5,8,37,309,5,5,7,35,251,2,1,2,58
spider/manufacturer/0012,,29,188,hard,2,10,7,13,52,410,8,7,12,50,367,2,1,2,43
spider/manufacturer/0013,,25,157,medium,2,10,7,16,58,443,8,7,12,50,367,2,4,8,76
spider/manufacturer/0014,,23,130,medium,2,9,6,17,53,444,7,6,12,43,323,2,5,10,121
spider/manufacturer/0015,,18,128,extra,2,9,6,14,47,382,7,6,12,43,323,2,2,4,59
spider/manufacturer/0016,,74,420,extra,3,13,9,20,79,594,12,9,19,78,574,1,1,1,20
spider/match_season/0001,,6,28,easy,1,5,4,7,25,323,4,4,6,24,306,1,1,1,17
spider/match_season/0002,,9,48,medium,1,6,4,12,36,445,4,4,6,24,306,2,6,12,139
spider/match_season/0003,,12,92,medium,1,5,4,9,27,374,4,4,6,24,306,1,3,3,68
spider/match_season/0004,,6,42,easy,1,9,8,19,131,1732,8,8,16,128,1687,1,3,3,45
spider/match_season/0005,,12,54,easy,2,16,13,28,200,2484,15,13,26,198,2374,1,2,2,110
spider/match_season/0006,,19,87,medium,1,9,8,17,129,1711,8,8,16,128,1687,1,1,1,24
spider/match_season/0007,,15,90,medium,1,10,8,23,142,1904,8,8,16,128,1687,2,7,14,217
spider/match_season/0008,,8,45,easy,1,9,8,17,129,1716,8,8,16,128,1687,1,1,1,29
spider/match_season/0009,,9,46,medium,1,9,7,20,90,1087,7,7,10,70,687,2,10,20,400
spider/match_season/0010,,6,21,easy,1,3,2,20,30,359,2,2,10,20,196,1,10,10,163
spider/match_season/0011,,27,131,medium,3,22,17,48,270,3740,19,17,32,222,2680,3,16,48,1060
spider/match_season/0012,,26,125,medium,3,20,17,33,223,2736,19,17,32,222,2680,1,1,1,56
spider/match_season/0013,,26,128,medium,2,13,12,24,154,2028,12,12,22,152,1993,1,2,2,35
spider/match_season/0014,,34,162,hard,2,13,12,25,155,2061,12,12,22,152,1993,1,3,3,68
spider/match_season/0015,,28,154,medium,2,13,12,23,153,2045,12,12,22,152,1993,1,1,1,52
spider/match_season/0016,,27,114,medium,3,20,15,52,266,3664,17,15,36,218,2570,3,16,48,1094
spider/match_season/0017,,26,114,medium,2,11,10,27,149,1909,10,10,26,148,1883,1,1,1,26
spider/match_season/0018,,28,129,medium,2,11,10,27,149,1918,10,10,26,148,1883,1,1,1,35
spider/match_season/0019,,30,130,medium,2,11,9,26,102,1129,9,9,20,90,883,2,6,12,246
spider/match_season/0020,,11,68,medium,1,10,8,19,134,1751,8,8,16,128,1687,2,3,6,64
spider/match_season/0021,,24,134,medium,2,14,12,26,160,2080,12,12,22,152,1993,2,4,8,87
spider/match_season/0022,,9,52,easy,2,16,13,42,214,3101,15,13,26,198,2374,1,16,16,727
spider/match_season/0023,,13,82,hard,1,9,8,17,129,1711,8,8,16,128,1687,1,1,1,24
spider/match_season/0024,,13,80,hard,1,9,8,19,131,1726,8,8,16,128,1687,1,3,3,39
spider/match_season/0025,,14,70,easy,1,9,8,19,131,1726,8,8,16,128,1687,1,3,3,39
spider/match_season/0026,,17,92,medium,1,9,8,19,131,1726,8,8,16,128,1687,1,3,3,39
spider/match_season/0027,,15,83,hard,2,11,10,29,151,1942,10,10,26,148,1883,1,3,3,59
spider/match_season/0028,,52,268,extra,2,13,12,23,153,2026,12,12,22,152,1993,1,1,1,33
spider/match_season/0029,,24,137,hard,1,9,8,17,129,1710,8,8,16,128,1687,1,1,1,23
spider/medicine_enzyme_interaction/0001,,6,27,easy,1,8,7,9,57,838,7,7,8,56,821,1,1,1,17
spider/medicine_enzyme_interaction/0002,,9,42,easy,1,8,7,16,64,1020,7,7,8,56,821,1,8,8,199
spider/medicine_enzyme_interaction/0003,,9,40,medium,1,9,7,16,72,1121,7,7,8,56,821,2,8,16,300
spider/medicine_enzyme_interaction/0004,,8,28,easy,1,8,7,9,57,844,7,7,8,56,821,1,1,1,23
spider/medicine_enzyme_interaction/0005,,18,90,medium,1,10,7,12,68,1096,7,7,8,56,821,3,4,12,275
spider/medicine_enzyme_interaction/0006,,12,47,easy,1,8,7,15,63,1004,7,7,8,56,821,1,7,7,183
spider/medicine_enzyme_interaction/0007,,15,71,medium,1,6,4,31,104,839,4,4,21,84,609,2,10,20,230
spider/medicine_enzyme_interaction/0008,,45,211,hard,3,15,12,49,198,1796,14,12,48,197,1772,1,1,1,24
spider/medicine_enzyme_interaction/0009,,32,149,medium,2,9,7,44,149,1028,7,7,40,141,951,2,4,8,77
spider/medicine_enzyme_interaction/0010,,33,175,hard,2,10,7,53,180,1225,7,7,40,141,951,3,13,39,274
spider/medicine_enzyme_interaction/0011,,38,195,extra,2,12,10,28,115,1213,10,10,27,113,1163,2,1,2,50
spider/medicine_enzyme_interaction/0012,,45,215,hard,3,15,12,49,198,1805,14,12,48,197,1772,1,1,1,33
spider/medicine_enzyme_interaction/0013,,16,130,hard,1,5,3,20,59,391,3,3,19,57,342,2,1,2,49
spider/medicine_enzyme_interaction/0014,,12,55,easy,1,5,4,22,85,627,4,4,21,84,609,1,1,1,18
spider/medicine_enzyme_interaction/0015,,15,105,extra,2,11,10,28,114,1180,10,10,27,113,1163,1,1,1,17
spider/medicine_enzyme_interaction/0016,,32,155,medium,2,9,7,42,145,996,7,7,40,141,951,2,2,4,45
spider/medicine_enzyme_interaction/0017,,34,201,medium,2,13,10,30,122,1334,10,10,27,113,1163,3,3,9,171
spider/medicine_enzyme_interaction/0018,,58,335,extra,2,9,7,42,145,1015,7,7,40,141,951,2,2,4,64
spider/medicine_enzyme_interaction/0019,,50,258,extra,3,16,12,68,237,2210,14,12,48,197,1772,2,20,40,438
spider/medicine_enzyme_interaction/0020,,8,49,easy,1,5,4,22,85,646,4,4,21,84,609,1,1,1,37
spider/medicine_enzyme_interaction/0021,,12,47,medium,1,8,7,10,58,862,7,7,8,56,821,1,2,2,41
spider/medicine_enzyme_interaction/0022,,11,68,medium,1,6,4,42,126,872,4,4,21,84,609,2,21,42,263
spider/mountain_photos/0001,,12,59,easy,1,6,5,12,56,698,5,5,11,55,681,1,1,1,17
spider/mountain_photos/0002,,12,69,medium,1,7,5,22,77,1192,5,5,11,55,681,2,11,22,511
spider/mountain_photos/0003,,12,48,medium,1,8,5,20,80,455,5,5,10,50,271,3,10,30,184
spider/mountain_photos/0004,,13,52,medium,1,8,6,24,140,1374,6,6,23,138,1312,2,1,2,62
spider/mountain_photos/0005,,14,62,easy,1,7,6,24,139,1342,6,6,23,138,1312,1,1,1,30
spider/mountain_photos/0006,,18,91,medium,1,9,6,44,201,1931,6,6,23,138,1312,3,21,63,619
spider/mountain_photos/0007,,30,115,medium,2,13,9,41,204,1748,11,9,33,188,1583,2,8,16,165
spider/mountain_photos/0008,,32,128,medium,2,13,9,36,194,1653,11,9,33,188,1583,2,3,6,70
spider/mountain_photos/0009,,27,130,extra,2,11,8,22,106,985,10,8,21,105,952,1,1,1,33
spider/mountain_photos/0010,,34,135,hard,2,11,8,27,111,1112,10,8,21,105,952,1,6,6,160
spider/mountain_photos/0011,,8,45,easy,1,6,5,12,56,711,5,5,11,55,681,1,1,1,30
spider/mountain_photos/0012,,15,93,extra,2,11,8,22,106,969,10,8,21,105,952,1,1,1,17
spider/mountain_photos/0013,,28,134,medium,2,12,9,34,189,1625,11,9,33,188,1583,1,1,1,42
spider/mountain_photos/0014,,74,346,extra,3,17,12,45,244,2282,16,12,44,243,2264,1,1,1,18
spider/mountain_photos/0015,,50,229,extra,3,18,12,63,281,2678,16,12,44,243,2264,2,19,38,414
spider/mountain_photos/0016,,12,56,medium,1,6,5,13,57,769,5,5,11,55,681,1,2,2,88
spider/mountain_photos/0017,,28,134,hard,2,12,8,26,115,1160,10,8,21,105,952,2,5,10,208
spider/movie_1/0001,,12,59,easy,1,5,4,10,34,369,4,4,8,32,327,1,2,2,42
spider/movie_1/0002,,19,74,medium,1,5,4,9,33,346,4,4,8,32,327,1,1,1,19
spider/movie_1/0003,,12,44,easy,1,5,4,9,33,344,4,4,8,32,327,1,1,1,17
spider/movie_1/0004,,12,49,easy,1,5,4,9,33,356,4,4,8,32,327,1,1,1,29
spider/movie_1/0005,,6,29,easy,1,3,2,9,17,191,2,2,8,16,174,1,1,1,17
spider/movie_1/0006,,12,49,medium,1,3,2,9,17,188,2,2,8,16,174,1,1,1,14
spider/movie_1/0007,,12,52,easy,1,3,2,9,17,188,2,2,8,16,174,1,1,1,14
spider/movie_1/0008,,12,43,easy,1,5,4,15,57,352,4,4,14,56,335,1,1,1,17
spider/movie_1/0009,,13,48,medium,1,6,4,15,58,371,4,4,14,56,335,2,1,2,36
spider/movie_1/0011,,30,108,medium,2,10,7,24,92,721,8,7,22,88,662,2,2,4,59
spider/movie_1/0012,,28,110,medium,2,8,5,30,88,709,6,5,22,72,509,2,8,16,200
spider/movie_1/0013,,15,74,hard,2,9,7,24,90,693,8,7,22,88,662,1,2,2,31
spider/movie_1/0015,,38,146,extra,2,10,7,23,90,708,8,7,22,88,662,2,1,2,46
spider/movie_1/0016,,18,75,hard,1,5,4,9,33,346,4,4,8,32,327,1,1,1,19
spider/movie_1/0017,,38,145,extra,2,10,7,23,90,698,8,7,22,88,662,2,1,2,36
spider/movie_1/0018,,24,116,hard,1,5,4,10,34,355,4,4,8,32,327,1,2,2,28
spider/movie_1/0019,,56,238,extra,2,10,7,24,92,721,8,7,22,88,662,2,2,4,59
spider/movie_1/0021,,28,108,medium,2,7,5,24,74,551,6,5,22,72,509,1,2,2,42
spider/movie_1/0022,,37,154,hard,3,11,8,32,106,877,10,8,30,104,836,1,2,2,41
spider/movie_1/0023,,37,153,hard,3,11,8,31,105,866,10,8,30,104,836,1,1,1,30
spider/movie_1/0024,,46,196,hard,3,13,8,31,107,890,10,8,30,104,836,3,1,3,54
spider/movie_1/0025,,12,55,hard,2,7,6,32,64,746,6,6,16,48,501,1,16,16,245
spider/movie_1/0026,,43,180,hard,3,11,8,35,109,907,10,8,30,104,836,1,5,5,71
spider/movie_1/0028,,31,121,medium,1,6,4,12,40,415,4,4,8,32,327,2,4,8,88
spider/movie_1/0029,,14,64,easy,1,5,4,12,36,388,4,4,8,32,327,1,4,4,61
spider/movie_1/0030,,20,89,medium,1,5,4,11,35,384,4,4,8,32,327,1,3,3,57
spider/movie_1/0031,,25,110,medium,2,10,7,27,98,763,8,7,22,88,662,2,5,10,101
spider/movie_1/0032,,36,143,extra,2,10,7,23,90,708,8,7,22,88,662,2,1,2,46
spider/movie_1/0033,,36,138,extra,2,10,7,23,90,716,8,7,22,88,662,2,1,2,54
spider/movie_1/0034,,29,116,hard,2,10,7,25,94,737,8,7,22,88,662,2,3,6,75
spider/movie_1/0035,,41,171,hard,2,12,7,26,104,861,8,7,22,88,662,4,4,16,199
spider/movie_1/0036,,36,139,medium,2,12,7,30,120,873,8,7,22,88,662,4,8,32,211
spider/movie_1/0037,,36,149,medium,2,12,7,27,108,878,8,7,22,88,662,4,5,20,216
spider/movie_1/0038,,31,131,extra,2,10,7,23,90,710,8,7,22,88,662,2,1,2,48
spider/movie_1/0039,,28,100,medium,2,9,7,32,98,829,8,7,22,88,662,1,10,10,167
spider/movie_1/0040,,26,90,medium,2,7,5,28,78,614,6,5,22,72,509,1,6,6,105
spider/movie_1/0041,,42,197,extra,2,8,5,26,80,570,6,5,22,72,509,2,4,8,61
spider/movie_1/0042,,32,134,hard,2,7,5,26,76,538,6,5,22,72,509,1,4,4,29
spider/movie_1/0043,,19,75,medium,1,6,4,20,68,429,4,4,14,56,335,2,6,12,94
spider/movie_1/0044,,18,68,hard,1,5,4,18,60,364,4,4,14,56,335,1,4,4,29
spider/movie_1/0045,,12,39,easy,1,5,4,24,66,394,4,4,14,56,335,1,10,10,59
spider/movie_1/0046,,45,171,extra,3,11,8,33,107,900,10,8,30,104,836,1,3,3,64
spider/movie_1/0047,,19,73,medium,1,5,4,14,38,418,4,4,8,32,327,1,6,6,91
spider/movie_1/0048,,52,197,extra,2,7,5,23,73,534,6,5,22,72,509,1,1,1,25
spider/movie_1/0049,,52,193,extra,2,9,7,23,89,693,8,7,22,88,662,1,1,1,31
spider/musical/0001,,6,26,easy,1,7,6,10,55,556,6,6,9,54,539,1,1,1,17
spider/musical/0002,,9,40,easy,1,7,6,18,63,678,6,6,9,54,539,1,9,9,139
spider/musical/0003,,9,44,medium,1,8,6,18,72,850,6,6,9,54,539,2,9,18,311
spider/musical/0004,,12,38,easy,1,7,6,15,60,631,6,6,9,54,539,1,6,6,92
spider/musical/0005,,9,45,easy,1,7,6,18,63,691,6,6,9,54,539,1,9,9,152
spider/musical/0006,,11,52,medium,1,7,6,10,55,562,6,6,9,54,539,1,1,1,23
spider/musical/0007,,12,52,easy,1,8,7,12,54,769,7,7,7,49,679,1,5,5,90
spider/musical/0008,,12,64,easy,1,8,7,9,51,722,7,7,7,49,679,1,2,2,43
spider/musical/0009,,23,99,medium,2,15,11,25,121,1548,13,11,16,103,1218,2,9,18,330
spider/musical/0010,,26,126,medium,2,14,11,18,105,1253,13,11,16,103,1218,1,2,2,35
spider/musical/0011,,23,105,medium,2,14,11,25,112,1357,13,11,16,103,1218,1,9,9,139
spider/musical/0012,,25,123,medium,2,15,11,20,111,1329,13,11,16,103,1218,2,4,8,111
spider/musical/0013,,28,127,medium,2,14,11,17,104,1248,13,11,16,103,1218,1,1,1,30
spider/musical/0014,,11,61,medium,1,9,7,9,53,739,7,7,7,49,679,2,2,4,60
spider/musical/0015,,13,75,hard,1,8,7,8,50,703,7,7,7,49,679,1,1,1,24
spider/musical/0016,,13,73,hard,1,8,7,8,50,702,7,7,7,49,679,1,1,1,23
spider/musical/0017,,14,64,easy,1,8,7,8,50,703,7,7,7,49,679,1,1,1,24
spider/musical/0018,,15,88,hard,2,14,11,19,106,1251,13,11,16,103,1218,1,3,3,33
spider/musical/0019,,24,129,hard,1,8,7,9,51,722,7,7,7,49,679,1,2,2,43
spider/musical/0020,,19,87,medium,1,8,7,11,53,744,7,7,7,49,679,1,4,4,65
spider/music_1/0001,,14,80,medium,1,11,9,7,56,570,9,9,6,54,508,2,1,2,62
spider/music_1/0002,,11,53,medium,1,6,5,7,31,243,5,5,6,30,229,1,1,1,14
spider/music_1/0003,,12,54,easy,1,10,9,8,56,546,9,9,6,54,508,1,2,2,38
spider/music_1/0004,,12,44,easy,1,6,5,8,32,246,5,5,6,30,229,1,2,2,17
spider/music_1/0005,,30,147,medium,2,15,11,13,80,771,13,11,12,78,730,2,1,2,41
spider/music_1/0006,,30,136,medium,2,16,12,16,92,816,14,12,12,84,737,2,4,8,79
spider/music_1/0008,,29,141,hard,2,15,11,15,84,799,13,11,12,78,730,2,3,6,69
spider/music_1/0009,,12,52,medium,1,6,5,7,31,246,5,5,6,30,229,1,1,1,17
spider/music_1/0010,,12,56,easy,1,5,4,7,25,239,4,4,6,24,222,1,1,1,17
spider/music_1/0011,,28,117,medium,2,14,11,13,79,770,13,11,12,78,730,1,1,1,40
spider/music_1/0012,,13,74,hard,1,6,5,7,31,247,5,5,6,30,229,1,1,1,18
spider/music_1/0013,,24,122,hard,2,14,11,13,79,755,13,11,12,78,730,1,1,1,25
spider/music_1/0014,,24,104,hard,2,15,12,14,86,754,14,12,12,84,737,1,2,2,17
spider/music_1/0015,,34,143,medium,2,14,11,15,81,774,13,11,12,78,730,1,3,3,44
spider/music_1/0016,,36,128,medium,2,15,12,13,85,765,14,12,12,84,737,1,1,1,28
spider/music_1/0017,,11,58,medium,1,6,4,8,28,265,4,4,6,24,222,2,2,4,43
spider/music_1/0018,,13,65,medium,1,11,9,8,58,565,9,9,6,54,508,2,2,4,57
spider/music_1/0020,,11,59,medium,1,7,5,8,34,269,5,5,6,30,229,2,2,4,40
spider/music_1/0021,,24,131,hard,1,10,9,8,56,550,9,9,6,54,508,1,2,2,42
spider/music_1/0022,,24,111,hard,1,10,9,7,55,547,9,9,6,54,508,1,1,1,39
spider/music_1/0023,,30,142,hard,2,15,11,13,80,772,13,11,12,78,730,2,1,2,42
spider/music_1/0024,,30,142,hard,2,15,11,14,82,784,13,11,12,78,730,2,2,4,54
spider/music_1/0025,,12,55,medium,1,5,3,12,30,249,3,3,6,18,172,2,6,12,77
spider/music_1/0026,,9,46,easy,1,10,9,12,60,616,9,9,6,54,508,1,6,6,108
spider/music_1/0027,,24,95,hard,2,15,12,16,88,760,14,12,12,84,737,1,4,4,23
spider/music_1/0028,,38,163,extra,2,15,12,16,88,803,14,12,12,84,737,1,4,4,66
spider/music_1/0029,,13,76,hard,1,10,9,7,55,531,9,9,6,54,508,1,1,1,23
spider/music_1/0030,,19,101,extra,1,10,9,7,55,534,9,9,6,54,508,1,1,1,26
spider/music_1/0031,,19,73,medium,1,5,4,7,25,247,4,4,6,24,222,1,1,1,25
spider/music_1/0032,,19,79,medium,1,10,9,9,57,559,9,9,6,54,508,1,3,3,51
spider/music_1/0033,,38,163,extra,2,15,12,14,86,790,14,12,12,84,737,1,2,2,53
spider/music_1/0034,,38,189,hard,2,14,11,13,79,755,13,11,12,78,730,1,1,1,25
spider/music_1/0035,,19,79,medium,1,11,9,7,56,558,9,9,6,54,508,2,1,2,50
spider/music_1/0036,,34,135,hard,2,16,12,13,86,797,14,12,12,84,737,2,1,2,60
spider/music_1/0039,,38,183,hard,2,15,11,14,82,781,13,11,12,78,730,2,2,4,51
spider/music_1/0040,,39,180,hard,2,15,11,14,82,789,13,11,12,78,730,2,2,4,59
spider/music_1/0041,,30,162,extra,2,15,11,15,84,790,13,11,12,78,730,2,3,6,60
spider/music_1/0042,,27,136,extra,2,14,11,13,79,748,13,11,12,78,730,1,1,1,18
spider/music_1/0043,,24,114,hard,1,10,9,7,55,547,9,9,6,54,508,1,1,1,39
spider/music_1/0045,,24,115,hard,1,10,9,10,58,531,9,9,6,54,508,1,4,4,23
spider/music_1/0046,,34,175,extra,2,14,11,15,81,771,13,11,12,78,730,1,3,3,41
spider/music_1/0047,,21,102,medium,1,12,9,8,60,579,9,9,6,54,508,3,2,6,71
spider/music_1/0049,,24,127,hard,1,10,9,8,56,542,9,9,6,54,508,1,2,2,34
spider/music_1/0050,,24,130,hard,2,14,11,14,80,762,13,11,12,78,730,1,2,2,32
spider/music_4/0001,,6,27,easy,1,6,5,8,36,454,5,5,7,35,437,1,1,1,17
spider/music_4/0002,,6,22,easy,1,6,5,14,42,474,5,5,7,35,437,1,7,7,37
spider/music_4/0003,,8,27,easy,1,6,5,8,36,472,5,5,7,35,437,1,1,1,35
spider/music_4/0004,,12,58,easy,1,6,5,8,36,480,5,5,7,35,437,1,1,1,43
spider/music_4/0005,,6,48,easy,1,6,5,12,40,537,5,5,7,35,437,1,5,5,100
spider/music_4/0006,,9,58,medium,1,8,6,18,72,978,6,6,9,54,699,2,9,18,279
spider/music_4/0007,,12,60,easy,1,7,6,12,57,752,6,6,9,54,699,1,3,3,53
spider/music_4/0008,,13,62,medium,1,8,6,11,62,645,6,6,10,60,589,2,1,2,56
spider/music_4/0009,,12,46,easy,1,7,6,14,64,680,6,6,10,60,589,1,4,4,91
spider/music_4/0010,,9,37,easy,1,7,6,20,70,814,6,6,10,60,589,1,10,10,225
spider/music_4/0011,,8,44,easy,1,7,6,11,61,623,6,6,10,60,589,1,1,1,34
spider/music_4/0012,,26,124,medium,2,13,12,21,116,1346,12,12,19,114,1288,1,2,2,58
spider/music_4/0013,,26,116,medium,2,13,12,25,120,1433,12,12,19,114,1288,1,6,6,145
spider/music_4/0014,,26,117,medium,2,12,10,21,99,1109,11,10,17,95,1026,1,4,4,83
spider/music_4/0015,,26,100,medium,2,12,10,25,103,1223,11,10,17,95,1026,1,8,8,197
spider/music_4/0016,,28,113,medium,2,12,10,18,96,1058,11,10,17,95,1026,1,1,1,32
spider/music_4/0017,,26,115,medium,2,12,10,19,97,1070,11,10,17,95,1026,1,2,2,44
spider/music_4/0018,,12,61,medium,1,7,5,14,49,653,5,5,7,35,437,2,7,14,216
spider/music_4/0019,,11,64,medium,1,6,5,8,36,479,5,5,7,35,437,1,1,1,42
spider/music_4/0020,,11,70,medium,1,8,6,12,60,773,6,6,9,54,699,2,3,6,74
spider/music_4/0021,,13,80,hard,1,7,6,10,55,722,6,6,9,54,699,1,1,1,23
spider/music_4/0022,,14,73,easy,1,7,6,11,56,737,6,6,9,54,699,1,2,2,38
spider/music_4/0023,,11,58,medium,1,7,6,11,61,609,6,6,10,60,589,1,1,1,20
spider/music_4/0024,,15,94,hard,2,12,10,19,97,1110,11,10,17,95,1026,1,2,2,84
spider/music_4/0025,,52,247,extra,2,12,10,18,96,1057,11,10,17,95,1026,1,1,1,31
spider/music_4/0026,,19,97,medium,1,7,6,11,56,757,6,6,9,54,699,1,2,2,58
spider/music_4/0027,,11,63,medium,1,7,6,11,61,617,6,6,10,60,589,1,1,1,28
spider/music_4/0028,,14,89,extra,1,8,6,11,58,748,6,6,9,54,699,2,2,4,49
spider/music_4/0029,,25,103,medium,2,12,10,18,96,1050,11,10,17,95,1026,1,1,1,24
spider/network_2/0001,,28,108,medium,2,9,7,9,33,289,8,7,8,32,264,1,1,1,25
spider/network_2/0002,,12,51,easy,1,6,5,5,21,198,5,5,4,20,181,1,1,1,17
spider/network_2/0003,,8,27,easy,1,6,5,5,21,203,5,5,4,20,181,1,1,1,22
spider/network_2/0004,,8,39,easy,1,6,5,5,21,210,5,5,4,20,181,1,1,1,29
spider/network_2/0005,,8,38,easy,1,6,5,5,21,209,5,5,4,20,181,1,1,1,28
spider/network_2/0006,,18,74,hard,1,6,5,5,21,197,5,5,4,20,181,1,1,1,16
spider/network_2/0007,,31,124,extra,1,6,5,5,21,196,5,5,4,20,181,1,1,1,15
spider/network_2/0008,,31,124,extra,1,6,5,5,21,196,5,5,4,20,181,1,1,1,15
spider/network_2/0009,,19,63,medium,1,6,5,5,21,194,5,5,4,20,181,1,1,1,13
spider/network_2/0010,,12,38,easy,1,6,5,6,22,203,5,5,4,20,181,1,2,2,22
spider/network_2/0011,,19,65,medium,1,6,5,5,21,198,5,5,4,20,181,1,1,1,17
spider/network_2/0012,,13,58,medium,1,7,5,6,24,231,5,5,4,20,181,2,2,4,50
spider/network_2/0013,,13,52,medium,1,7,5,7,26,246,5,5,4,20,181,2,3,6,65
spider/network_2/0014,,19,74,medium,1,7,5,6,24,232,5,5,4,20,181,2,2,4,51
spider/network_2/0015,,13,52,medium,1,7,5,7,26,239,5,5,4,20,181,2,3,6,58
spider/network_2/0016,,17,73,medium,1,7,5,6,24,224,5,5,4,20,181,2,2,4,43
spider/network_2/0017,,27,115,extra,1,6,5,5,21,197,5,5,4,20,181,1,1,1,16
spider/network_2/0018,,24,106,hard,1,6,5,5,21,198,5,5,4,20,181,1,1,1,17
spider/network_2/0019,,12,49,medium,1,7,5,8,28,254,5,5,4,20,181,2,4,8,73
spider/network_2/0020,,9,41,easy,1,6,5,8,24,214,5,5,4,20,181,1,4,4,33
spider/network_2/0021,,15,58,medium,1,6,5,6,22,202,5,5,4,20,181,1,2,2,21
spider/network_2/0022,,60,253,extra,2,10,7,9,34,291,8,7,8,32,264,2,1,2,27
spider/network_2/0023,,38,159,hard,2,10,7,9,34,291,8,7,8,32,264,2,1,2,27
spider/network_2/0025,,68,310,extra,2,9,7,9,33,279,8,7,8,32,264,1,1,1,15
spider/network_2/0026,,32,135,hard,2,9,7,11,35,291,8,7,8,32,264,1,3,3,27
spider/network_2/0027,,14,63,easy,1,4,3,6,14,105,3,3,4,12,83,1,2,2,22
spider/network_2/0028,,26,101,medium,2,9,7,9,33,282,8,7,8,32,264,1,1,1,18
spider/network_2/0029,,26,101,medium,2,9,7,9,33,281,8,7,8,32,264,1,1,1,17
spider/network_2/0033,,26,111,medium,2,9,7,9,33,280,8,7,8,32,264,1,1,1,16
spider/network_2/0034,,32,142,extra,2,9,7,9,33,280,8,7,8,32,264,1,1,1,16
spider/network_2/0035,,40,193,extra,2,11,7,10,38,320,8,7,8,32,264,3,2,6,56
spider/network_2/0036,,31,135,extra,1,4,3,5,13,100,3,3,4,12,83,1,1,1,17
spider/network_2/0037,,46,188,extra,2,9,7,9,33,277,8,7,8,32,264,1,1,1,13
spider/network_2/0038,,31,139,extra,1,4,3,5,13,99,3,3,4,12,83,1,1,1,16
spider/network_2/0039,,54,223,extra,2,11,7,9,35,306,8,7,8,32,264,3,1,3,42
spider/network_2/0040,,12,60,hard,2,9,7,9,33,279,8,7,8,32,264,1,1,1,15
spider/network_2/0041,,36,150,extra,2,10,7,9,34,301,8,7,8,32,264,2,1,2,37
spider/network_2/0042,,23,127,extra,2,9,7,9,33,293,8,7,8,32,264,1,1,1,29
spider/network_2/0043,,56,229,extra,2,9,7,9,33,280,8,7,8,32,264,1,1,1,16
spider/news_report/0001,,6,31,easy,1,6,5,12,56,429,5,5,11,55,411,1,1,1,18
spider/news_report/0002,,9,54,easy,1,6,5,22,66,585,5,5,11,55,411,1,11,11,174
spider/news_report/0003,,9,46,medium,1,7,5,22,77,575,5,5,11,55,411,2,11,22,164
spider/news_report/0004,,19,84,medium,1,6,5,21,65,573,5,5,11,55,411,1,10,10,162
spider/news_report/0005,,8,41,easy,1,6,5,12,56,441,5,5,11,55,411,1,1,1,30
spider/news_report/0006,,11,70,medium,1,6,5,12,56,437,5,5,11,55,411,1,1,1,26
spider/news_report/0007,,11,72,medium,1,7,5,14,61,481,5,5,11,55,411,2,3,6,70
spider/news_report/0008,,13,86,hard,1,6,5,12,56,437,5,5,11,55,411,1,1,1,26
spider/news_report/0009,,24,132,hard,1,6,5,12,56,437,5,5,11,55,411,1,1,1,26
spider/news_report/0010,,15,81,medium,1,8,5,10,40,553,5,5,5,25,310,3,5,15,243
spider/news_report/0011,,34,160,medium,3,15,10,30,115,1079,13,10,23,101,855,2,7,14,224
spider/news_report/0012,,38,193,hard,3,15,10,30,115,1120,13,10,23,101,855,2,7,14,265
spider/news_report/0013,,36,178,hard,3,15,10,29,113,978,13,10,23,101,855,2,6,12,123
spider/news_report/0014,,39,181,hard,3,14,10,24,102,880,13,10,23,101,855,1,1,1,25
spider/news_report/0015,,15,103,hard,2,9,7,23,81,631,8,7,18,76,545,1,5,5,86
spider/news_report/0016,,13,69,medium,1,7,5,6,27,377,5,5,5,25,310,2,1,2,67
spider/news_report/0017,,33,172,extra,2,11,7,21,85,682,8,7,18,76,545,3,3,9,137
spider/news_report/0018,,14,75,medium,1,7,5,7,29,389,5,5,5,25,310,2,2,4,79
spider/party_host/0001,,6,26,easy,1,7,6,9,49,528,6,6,8,48,511,1,1,1,17
spider/party_host/0002,,9,58,easy,1,7,6,16,56,632,6,6,8,48,511,1,8,8,121
spider/party_host/0003,,9,46,medium,1,8,6,16,64,845,6,6,8,48,511,2,8,16,334
spider/party_host/0004,,22,106,extra,1,8,6,10,52,563,6,6,8,48,511,2,2,4,52
spider/party_host/0005,,8,38,easy,1,7,6,9,49,545,6,6,8,48,511,1,1,1,34
spider/party_host/0006,,11,64,medium,1,7,6,9,49,578,6,6,8,48,511,1,1,1,67
spider/party_host/0007,,11,66,medium,1,6,4,13,46,440,4,4,10,40,369,2,3,6,71
spider/party_host/0008,,13,80,hard,1,5,4,11,41,401,4,4,10,40,369,1,1,1,32
spider/party_host/0009,,24,101,hard,1,5,4,11,41,401,4,4,10,40,369,1,1,1,32
spider/party_host/0010,,34,148,medium,3,15,11,30,118,1143,13,11,24,106,972,2,6,12,171
spider/party_host/0012,,37,147,hard,3,14,11,25,107,1017,13,11,24,106,972,1,1,1,45
spider/party_host/0013,,37,155,hard,3,14,11,25,107,992,13,11,24,106,972,1,1,1,20
spider/party_host/0014,,14,67,medium,1,6,4,11,42,423,4,4,10,40,369,2,1,2,54
spider/party_host/0015,,15,84,hard,2,8,6,20,62,531,7,6,16,58,461,1,4,4,70
spider/party_people/0001,,6,27,easy,1,7,6,6,31,367,6,6,5,30,350,1,1,1,17
spider/party_people/0002,,9,54,easy,1,7,6,8,33,405,6,6,5,30,350,1,3,3,55
spider/party_people/0003,,8,44,easy,1,7,6,6,31,383,6,6,5,30,348,1,1,1,35
spider/party_people/0004,,15,87,medium,1,9,6,10,45,554,6,6,5,30,348,3,5,15,206
spider/party_people/0005,,19,75,medium,1,7,6,7,32,404,6,6,5,30,348,1,2,2,56
spider/party_people/0006,,12,63,easy,1,7,6,9,34,454,6,6,5,30,348,1,4,4,106
spider/party_people/0007,,12,71,medium,1,8,6,10,40,567,6,6,5,30,348,2,5,10,219
spider/party_people/0008,,11,60,medium,1,7,6,6,31,387,6,6,5,30,348,1,1,1,39
spider/party_people/0009,,23,107,medium,2,12,9,35,120,1338,10,9,20,90,930,2,15,30,408
spider/party_people/0010,,25,122,medium,2,12,9,23,96,1010,10,9,20,90,930,2,3,6,80
spider/party_people/0011,,27,136,extra,2,11,9,21,91,949,10,9,20,90,930,1,1,1,19
spider/party_people/0012,,23,109,medium,2,14,11,15,70,879,12,11,10,60,698,2,5,10,181
spider/party_people/0013,,15,89,hard,2,11,9,22,92,986,10,9,20,90,930,1,2,2,56
spider/party_people/0015,,26,125,medium,2,11,9,31,101,1128,10,9,20,90,930,1,11,11,198
spider/party_people/0016,,6,33,easy,1,5,4,9,33,266,4,4,8,32,249,1,1,1,17
spider/party_people/0017,,25,128,medium,2,12,9,16,68,677,10,9,13,62,597,2,3,6,80
spider/party_people/0018,,25,142,hard,2,9,7,31,100,977,8,7,23,92,831,1,8,8,146
spider/party_people/0019,,28,132,medium,2,11,9,16,65,658,10,9,13,62,597,1,3,3,61
spider/party_people/0020,,27,167,extra,2,9,7,24,93,867,8,7,23,92,831,1,1,1,36
spider/party_people/0021,,14,75,easy,1,5,4,9,33,282,4,4,8,32,249,1,1,1,33
spider/party_people/0022,,44,214,hard,3,17,14,19,93,964,16,14,18,92,947,1,1,1,17
spider/performance_attendance/0001,,6,32,easy,1,6,5,7,31,406,5,5,6,30,389,1,1,1,17
spider/performance_attendance/0002,,9,52,easy,1,6,5,12,36,509,5,5,6,30,389,1,6,6,120
spider/performance_attendance/0003,,9,39,medium,1,7,5,12,42,577,5,5,6,30,389,2,6,12,188
spider/performance_attendance/0004,,19,93,medium,1,6,5,8,32,416,5,5,6,30,389,1,2,2,27
spider/performance_attendance/0005,,8,39,easy,1,6,5,7,31,431,5,5,6,30,389,1,1,1,42
spider/performance_attendance/0006,,11,61,medium,1,6,5,7,31,412,5,5,6,30,389,1,1,1,23
spider/performance_attendance/0007,,11,67,medium,1,7,5,11,40,507,5,5,6,30,389,2,5,10,118
spider/performance_attendance/0008,,13,81,hard,1,6,5,7,31,419,5,5,6,30,389,1,1,1,30
spider/performance_attendance/0009,,14,71,easy,1,6,5,7,31,419,5,5,6,30,389,1,1,1,30
spider/performance_attendance/0011,,34,176,medium,3,14,10,33,114,1198,12,10,25,98,939,2,8,16,259
spider/performance_attendance/0012,,38,197,hard,3,14,10,33,114,1198,12,10,25,98,939,2,8,16,259
spider/performance_attendance/0013,,37,181,hard,3,13,10,29,102,998,12,10,25,98,939,1,4,4,59
spider/performance_attendance/0014,,38,200,hard,3,14,10,33,114,1169,12,10,25,98,939,2,8,16,230
spider/performance_attendance/0015,,15,97,hard,2,8,6,23,72,617,7,6,19,68,550,1,4,4,67
spider/perpetrator/0001,,6,32,easy,1,9,8,6,41,353,8,8,5,40,336,1,1,1,17
spider/perpetrator/0002,,9,49,easy,1,9,8,10,45,422,8,8,5,40,336,1,5,5,86
spider/perpetrator/0003,,9,52,easy,1,9,8,10,45,367,8,8,5,40,336,1,5,5,31
spider/perpetrator/0004,,8,36,easy,1,9,8,6,41,361,8,8,5,40,336,1,1,1,25
spider/perpetrator/0005,,11,61,medium,1,9,8,6,41,360,8,8,5,40,336,1,1,1,24
spider/perpetrator/0006,,9,43,easy,1,6,5,22,66,679,5,5,11,55,522,1,11,11,157
spider/perpetrator/0007,,19,86,easy,2,14,12,21,100,939,13,12,16,95,858,1,5,5,81
spider/perpetrator/0008,,26,114,medium,2,14,12,19,98,911,13,12,16,95,858,1,3,3,53
spider/perpetrator/0009,,25,118,hard,2,14,12,17,96,883,13,12,16,95,858,1,1,1,25
spider/perpetrator/0010,,28,116,medium,2,14,12,17,96,883,13,12,16,95,858,1,1,1,25
spider/perpetrator/0011,,34,139,hard,2,14,12,19,98,912,13,12,16,95,858,1,3,3,54
spider/perpetrator/0012,,23,113,medium,2,14,12,21,100,896,13,12,16,95,858,1,5,5,38
spider/perpetrator/0013,,11,65,medium,1,10,8,9,48,404,8,8,5,40,336,2,4,8,68
spider/perpetrator/0014,,16,96,hard,1,10,8,6,42,371,8,8,5,40,336,2,1,2,35
spider/perpetrator/0015,,17,86,medium,1,10,8,6,42,371,8,8,5,40,336,2,1,2,35
spider/perpetrator/0016,,23,108,medium,2,14,12,21,100,939,13,12,16,95,858,1,5,5,81
spider/perpetrator/0017,,15,91,hard,2,14,12,22,101,944,13,12,16,95,858,1,6,6,86
spider/perpetrator/0018,,24,115,hard,1,9,8,6,41,356,8,8,5,40,336,1,1,1,20
spider/perpetrator/0019,,8,48,easy,1,9,8,6,41,369,8,8,5,40,336,1,1,1,33
spider/perpetrator/0020,,25,118,hard,2,14,12,17,96,882,13,12,16,95,858,1,1,1,24
spider/perpetrator/0021,,8,34,easy,1,9,8,6,41,360,8,8,5,40,336,1,1,1,24
spider/phone_1/0001,,14,74,easy,1,8,7,25,109,874,7,7,14,98,737,1,11,11,137
spider/phone_1/0002,,14,79,medium,1,9,7,15,100,775,7,7,14,98,737,2,1,2,38
spider/phone_1/0003,,15,87,medium,3,23,21,30,205,2123,21,21,29,203,2083,2,1,2,40
spider/phone_1/0004,,12,68,easy,1,8,7,9,57,889,7,7,8,56,872,1,1,1,17
spider/phone_1/0005,,34,163,extra,2,16,14,23,156,1663,14,14,22,154,1609,2,1,2,54
spider/phone_1/0006,,28,139,medium,2,15,14,23,155,1637,14,14,22,154,1609,1,1,1,28
spider/phone_1/0007,,38,175,hard,2,16,14,29,168,1907,14,14,22,154,1609,2,7,14,298
spider/phone_1/0008,,15,96,medium,1,9,7,12,64,1077,7,7,8,56,872,2,4,8,205
spider/phone_1/0009,,34,185,medium,2,17,14,16,108,1420,14,14,15,105,1346,3,1,3,74
spider/phone_1/0010,,30,158,medium,2,16,14,20,115,1593,14,14,15,105,1346,2,5,10,247
spider/phone_1/0011,,16,100,hard,1,9,7,9,58,922,7,7,8,56,872,2,1,2,50
spider/phone_1/0012,,14,73,easy,1,8,7,10,58,937,7,7,8,56,872,1,2,2,65
spider/phone_1/0013,,18,79,medium,1,10,7,8,52,558,7,7,7,49,474,3,1,3,84
spider/phone_1/0014,,32,163,extra,2,15,14,23,155,1656,14,14,22,154,1609,1,1,1,47
spider/phone_1/0015,,41,204,hard,3,23,21,30,205,2116,21,21,29,203,2083,2,1,2,33
spider/phone_1/0016,,45,206,extra,3,22,21,33,207,2147,21,21,29,203,2083,1,4,4,64
spider/phone_1/0017,,34,185,hard,2,15,14,20,110,1459,14,14,15,105,1346,1,5,5,113
spider/phone_1/0018,,34,184,medium,2,15,14,17,107,1417,14,14,15,105,1346,1,2,2,71
spider/phone_1/0019,,32,184,medium,2,16,14,17,109,1478,14,14,15,105,1346,2,2,4,132
spider/phone_1/0020,,11,81,medium,1,9,7,10,60,932,7,7,8,56,872,2,2,4,60
spider/phone_1/0021,,14,86,easy,1,8,7,9,57,903,7,7,8,56,872,1,1,1,31
spider/phone_1/0022,,6,24,easy,1,14,7,28,196,1474,7,7,14,98,737,7,14,98,737
spider/phone_1/0023,,12,49,easy,1,8,7,15,99,754,7,7,14,98,737,1,1,1,17
spider/phone_1/0024,,9,54,easy,1,8,7,28,112,908,7,7,14,98,737,1,14,14,171
spider/phone_1/0025,,17,99,extra,2,15,14,23,155,1634,14,14,22,154,1609,1,1,1,25
spider/phone_1/0026,,18,103,hard,2,15,14,33,165,1757,14,14,22,154,1609,1,11,11,148
spider/phone_1/0027,,52,284,extra,2,15,14,18,108,1394,14,14,15,105,1346,1,3,3,48
spider/phone_market/0001,,6,26,easy,1,6,5,6,26,227,5,5,5,25,210,1,1,1,17
spider/phone_market/0002,,9,41,easy,1,6,5,10,30,272,5,5,5,25,210,1,5,5,62
spider/phone_market/0003,,9,45,medium,1,7,5,10,35,299,5,5,5,25,210,2,5,10,89
spider/phone_market/0004,,12,57,easy,1,6,5,7,27,240,5,5,5,25,210,1,2,2,30
spider/phone_market/0005,,19,72,medium,1,6,5,10,30,272,5,5,5,25,210,1,5,5,62
spider/phone_market/0006,,11,53,medium,1,6,5,6,26,232,5,5,5,25,210,1,1,1,22
spider/phone_market/0007,,11,59,medium,1,7,5,7,29,257,5,5,5,25,210,2,2,4,47
spider/phone_market/0008,,13,73,hard,1,6,5,6,26,232,5,5,5,25,210,1,1,1,22
spider/phone_market/0009,,24,111,hard,1,6,5,6,26,232,5,5,5,25,210,1,1,1,22
spider/phone_market/0010,,34,153,medium,3,15,11,23,85,699,13,11,17,73,548,2,6,12,151
spider/phone_market/0012,,37,160,hard,3,14,11,19,75,579,13,11,17,73,548,1,2,2,31
spider/phone_market/0013,,28,130,medium,2,10,7,15,51,408,8,7,11,43,312,2,4,8,96
spider/phone_market/0014,,37,172,hard,2,9,7,14,46,354,8,7,11,43,312,1,3,3,42
spider/phone_market/0015,,15,89,hard,2,9,7,12,44,332,8,7,11,43,312,1,1,1,20
spider/pilot_record/0001,,6,26,easy,1,9,8,6,41,458,8,8,5,40,441,1,1,1,17
spider/pilot_record/0002,,9,46,easy,1,9,8,10,45,541,8,8,5,40,441,1,5,5,100
spider/pilot_record/0003,,9,39,medium,1,10,8,10,50,600,8,8,5,40,441,2,5,10,159
spider/pilot_record/0004,,12,50,easy,1,9,8,7,42,489,8,8,5,40,441,1,2,2,48
spider/pilot_record/0005,,19,73,medium,1,9,8,7,42,491,8,8,5,40,441,1,2,2,50
spider/pilot_record/0006,,11,53,medium,1,9,8,6,41,462,8,8,5,40,441,1,1,1,21
spider/pilot_record/0007,,11,67,medium,1,10,8,8,46,516,8,8,5,40,441,2,3,6,75
spider/pilot_record/0008,,13,81,hard,1,9,8,6,41,473,8,8,5,40,441,1,1,1,32
spider/pilot_record/0009,,24,113,hard,1,9,8,6,41,468,8,8,5,40,441,1,1,1,27
spider/pilot_record/0010,,34,162,medium,3,21,17,24,125,1519,19,17,18,113,1275,2,6,12,244
spider/pilot_record/0012,,37,165,hard,3,20,17,22,117,1347,19,17,18,113,1275,1,4,4,72
spider/pilot_record/0013,,25,130,medium,2,14,11,15,72,706,12,11,11,64,602,2,4,8,104
spider/pilot_record/0014,,31,150,medium,2,14,11,12,66,651,12,11,11,64,602,2,1,2,49
spider/pilot_record/0015,,15,95,hard,2,13,11,12,65,635,12,11,11,64,602,1,1,1,33
spider/products_for_hire/0001,,26,139,medium,2,12,10,31,166,1711,11,10,30,165,1680,1,1,1,31
spider/products_for_hire/0002,,29,160,medium,2,22,18,37,306,2881,19,18,30,285,2744,3,7,21,137
spider/products_for_hire/0003,,20,117,hard,1,10,8,16,122,1001,8,8,15,120,939,2,1,2,62
spider/products_for_hire/0004,,31,175,extra,2,21,17,31,287,2559,19,17,30,285,2510,2,1,2,49
spider/products_for_hire/0005,,14,78,easy,1,7,6,13,73,346,6,6,12,72,327,1,1,1,19
spider/products_for_hire/0006,,26,150,medium,2,12,10,18,98,726,11,10,17,97,686,1,1,1,40
spider/products_for_hire/0007,,41,242,hard,3,24,20,34,266,2394,22,20,32,262,2257,2,2,4,137
spider/products_for_hire/0008,,26,147,medium,2,10,8,12,44,612,9,8,9,41,538,1,3,3,74
spider/products_for_hire/0009,,8,63,easy,1,6,5,6,26,401,5,5,5,25,359,1,1,1,42
spider/products_for_hire/0010,,21,123,medium,1,11,8,26,153,1422,8,8,15,120,1173,3,11,33,249
spider/products_for_hire/0011,,8,36,easy,1,9,8,16,121,980,8,8,15,120,939,1,1,1,41
spider/products_for_hire/0012,,18,97,medium,1,9,6,13,75,404,6,6,12,72,327,3,1,3,77
spider/products_for_hire/0013,,6,47,easy,1,9,8,19,124,1002,8,8,15,120,939,1,4,4,63
spider/products_for_hire/0014,,12,78,medium,1,6,5,8,28,402,5,5,5,25,359,1,3,3,43
spider/products_for_hire/0015,,21,144,extra,2,12,10,18,98,703,11,10,17,97,686,1,1,1,17
spider/products_for_hire/0016,,52,300,extra,2,12,10,32,167,1716,11,10,30,165,1680,1,2,2,36
spider/products_for_hire/0017,,19,90,medium,1,9,8,29,134,1256,8,8,15,120,939,1,14,14,317
spider/products_for_hire/0018,,22,133,medium,1,7,5,6,27,434,5,5,5,25,359,2,1,2,75
spider/products_gen_characteristics/0001,,6,29,easy,1,9,8,16,121,834,8,8,15,120,816,1,1,1,18
spider/products_gen_characteristics/0002,,6,31,easy,1,3,2,9,17,125,2,2,8,16,108,1,1,1,17
spider/products_gen_characteristics/0003,,6,36,easy,1,6,5,16,76,485,5,5,15,75,467,1,1,1,18
spider/products_gen_characteristics/0004,,9,62,medium,1,10,8,30,150,1090,8,8,15,120,816,2,15,30,274
spider/products_gen_characteristics/0005,,6,40,easy,1,3,2,16,24,185,2,2,8,16,108,1,8,8,77
spider/products_gen_characteristics/0006,,6,56,easy,1,6,5,21,81,528,5,5,15,75,467,1,6,6,61
spider/products_gen_characteristics/0007,,12,72,easy,1,9,8,19,124,863,8,8,15,120,816,1,4,4,47
spider/products_gen_characteristics/0008,,33,195,medium,2,13,9,29,154,1108,10,9,23,136,924,3,6,18,184
spider/products_gen_characteristics/0009,,12,67,easy,1,9,8,16,121,833,8,8,15,120,816,1,1,1,17
spider/products_gen_characteristics/0010,,19,102,medium,1,9,8,16,121,833,8,8,15,120,816,1,1,1,17
spider/products_gen_characteristics/0011,,15,100,medium,1,10,8,16,122,877,8,8,15,120,816,2,1,2,61
spider/products_gen_characteristics/0012,,12,70,easy,1,9,8,16,121,850,8,8,15,120,816,1,1,1,34
spider/products_gen_characteristics/0013,,26,135,medium,2,11,9,24,137,950,10,9,23,136,924,1,1,1,26
spider/products_gen_characteristics/0014,,26,187,hard,2,12,10,24,135,1081,11,10,18,129,1004,1,6,6,77
spider/products_gen_characteristics/0015,,26,135,medium,2,11,9,24,137,954,10,9,23,136,924,1,1,1,30
spider/products_gen_characteristics/0016,,30,158,medium,2,12,9,24,138,971,10,9,23,136,924,2,1,2,47
spider/products_gen_characteristics/0017,,43,236,hard,3,15,11,42,189,1235,13,11,38,181,1163,2,4,8,72
spider/products_gen_characteristics/0018,,26,134,medium,2,11,9,26,139,965,10,9,23,136,924,1,3,3,41
spider/products_gen_characteristics/0019,,34,200,medium,2,13,9,24,139,1018,10,9,23,136,924,3,1,3,94
spider/products_gen_characteristics/0020,,25,136,medium,2,12,10,31,166,1072,11,10,30,165,1055,1,1,1,17
spider/products_gen_characteristics/0021,,39,240,hard,3,17,14,46,241,1569,16,14,45,240,1522,1,1,1,47
spider/products_gen_characteristics/0022,,37,224,hard,3,17,14,47,242,1560,16,14,45,240,1522,1,2,2,38
spider/products_gen_characteristics/0023,,41,259,hard,3,18,14,46,242,1591,16,14,45,240,1522,2,1,2,69
spider/products_gen_characteristics/0024,,45,268,hard,3,17,14,47,242,1560,16,14,45,240,1522,1,2,2,38
spider/products_gen_characteristics/0025,,36,210,hard,3,17,14,46,241,1539,16,14,45,240,1522,1,1,1,17
spider/products_gen_characteristics/0026,,36,208,hard,3,17,14,46,241,1539,16,14,45,240,1522,1,1,1,17
spider/products_gen_characteristics/0027,,55,309,extra,4,19,15,55,258,1665,18,15,53,256,1630,1,2,2,35
spider/products_gen_characteristics/0028,,36,214,hard,3,17,14,46,241,1539,16,14,45,240,1522,1,1,1,17
spider/products_gen_characteristics/0029,,37,231,hard,3,17,14,46,241,1549,16,14,45,240,1522,1,1,1,27
spider/products_gen_characteristics/0030,,55,305,extra,4,19,15,54,257,1647,18,15,53,256,1630,1,1,1,17
spider/products_gen_characteristics/0031,,55,305,extra,4,19,15,54,257,1647,18,15,53,256,1630,1,1,1,17
spider/products_gen_characteristics/0032,,12,88,easy,1,4,3,4,10,231,3,3,3,9,188,1,1,1,43
spider/products_gen_characteristics/0033,,12,102,easy,1,4,3,4,10,230,3,3,3,9,188,1,1,1,42
spider/products_gen_characteristics/0034,,15,125,medium,1,5,3,4,11,270,3,3,3,9,188,2,1,2,82
spider/products_gen_characteristics/0035,,26,166,medium,2,12,10,19,130,1049,11,10,18,129,1004,1,1,1,45
spider/products_gen_characteristics/0036,,30,201,medium,2,13,10,19,131,1079,11,10,18,129,1004,2,1,2,75
spider/products_gen_characteristics/0037,,45,261,hard,3,14,11,29,148,1153,13,11,26,145,1112,1,3,3,41
spider/products_gen_characteristics/0038,,27,163,extra,2,11,9,24,137,953,10,9,23,136,924,1,1,1,29
spider/products_gen_characteristics/0039,,27,162,extra,2,11,9,24,137,954,10,9,23,136,924,1,1,1,30
spider/products_gen_characteristics/0040,,38,254,extra,3,17,14,46,241,1553,16,14,45,240,1522,1,1,1,31
spider/products_gen_characteristics/0041,,39,339,extra,2,11,7,36,138,874,8,7,30,120,706,3,6,18,168
spider/products_gen_characteristics/0042,,39,244,hard,3,17,14,48,243,1565,16,14,45,240,1522,1,3,3,43
spider/products_gen_characteristics/0043,,15,98,extra,2,11,9,24,137,941,10,9,23,136,924,1,1,1,17
spider/product_catalog/0001,,6,57,easy,1,15,14,30,225,1315,14,14,15,210,1115,1,15,15,200
spider/product_catalog/0002,,14,102,easy,1,4,3,5,13,149,3,3,4,12,118,1,1,1,31
spider/product_catalog/0003,,12,84,easy,1,4,3,5,13,149,3,3,4,12,118,1,1,1,31
spider/product_catalog/0004,,17,121,medium,1,5,3,5,13,185,3,3,3,9,109,2,2,4,76
spider/product_catalog/0005,,12,88,medium,1,6,5,9,41,758,5,5,8,40,715,1,1,1,43
spider/product_catalog/0006,,13,96,hard,1,6,5,9,41,766,5,5,8,40,715,1,1,1,51
spider/product_catalog/0007,,29,166,medium,2,10,7,13,53,929,8,7,11,49,824,2,2,4,105
spider/product_catalog/0008,,37,327,extra,2,19,16,38,278,1464,18,16,30,270,1341,1,8,8,123
spider/product_catalog/0009,,11,86,medium,1,15,14,16,211,1152,14,14,15,210,1115,1,1,1,37
spider/product_catalog/0011,,13,76,medium,1,16,14,16,212,1192,14,14,15,210,1115,2,1,2,77
spider/product_catalog/0012,,11,76,medium,1,15,14,16,211,1145,14,14,15,210,1115,1,1,1,30
spider/product_catalog/0013,,11,77,medium,1,15,14,16,211,1145,14,14,15,210,1115,1,1,1,30
spider/product_catalog/0014,,12,84,medium,1,15,14,17,212,1163,14,14,15,210,1115,1,2,2,48
spider/product_catalog/0015,,26,187,medium,2,19,16,35,275,1419,18,16,30,270,1341,1,5,5,78
spider/product_catalog/0016,,19,79,medium,1,15,14,21,216,1211,14,14,15,210,1115,1,6,6,96
spider/product_catalog/0017,,30,197,medium,2,9,6,27,88,455,7,6,19,72,344,2,8,16,111
spider/product_catalog/0018,,15,93,medium,1,16,14,20,220,1224,14,14,15,210,1115,2,5,10,109
spider/product_catalog/0019,,14,97,easy,1,6,5,12,44,833,5,5,8,40,715,1,4,4,118
spider/product_catalog/0020,,6,37,easy,1,15,14,16,211,1133,14,14,15,210,1115,1,1,1,18
spider/product_catalog/0021,,12,71,easy,1,15,14,18,213,1175,14,14,15,210,1115,1,3,3,60
spider/program_share/0001,,12,46,easy,1,6,5,13,53,467,5,5,10,50,394,1,3,3,73
spider/program_share/0002,,9,56,easy,1,6,5,20,60,525,5,5,10,50,394,1,10,10,131
spider/program_share/0003,,11,65,medium,1,6,5,11,51,411,5,5,10,50,394,1,1,1,17
spider/program_share/0004,,6,28,easy,1,6,5,6,26,359,5,5,5,25,342,1,1,1,17
spider/program_share/0005,,9,40,easy,1,6,5,10,30,393,5,5,5,25,342,1,5,5,51
spider/program_share/0006,,12,53,medium,1,8,5,10,40,612,5,5,5,25,342,3,5,15,270
spider/program_share/0007,,11,53,medium,1,6,5,6,26,360,5,5,5,25,342,1,1,1,18
spider/program_share/0008,,14,62,easy,1,6,5,11,51,442,5,5,10,50,394,1,1,1,48
spider/program_share/0009,,26,120,medium,2,9,7,25,87,611,8,7,21,83,569,1,4,4,42
spider/program_share/0010,,52,255,extra,2,9,7,22,84,587,8,7,21,83,569,1,1,1,18
spider/program_share/0011,,11,71,medium,1,5,3,14,39,233,3,3,11,33,175,2,3,6,58
spider/program_share/0012,,14,76,easy,1,4,3,12,34,210,3,3,11,33,175,1,1,1,35
spider/program_share/0013,,32,152,hard,2,9,7,17,59,535,8,7,16,58,517,1,1,1,18
spider/program_share/0014,,52,257,extra,2,9,7,19,61,621,8,7,16,58,517,1,3,3,104
spider/program_share/0015,,9,42,easy,1,6,5,10,30,400,5,5,5,25,342,1,5,5,58
spider/program_share/0016,,8,41,easy,1,6,5,11,51,424,5,5,10,50,394,1,1,1,30
spider/program_share/0017,,12,50,easy,1,6,5,9,29,387,5,5,5,25,342,1,4,4,45
spider/program_share/0018,,19,64,medium,1,6,5,18,58,482,5,5,10,50,394,1,8,8,88
spider/program_share/0019,,13,71,medium,1,7,5,14,58,516,5,5,10,50,394,2,4,8,122
spider/program_share/0020,,27,141,extra,2,9,7,17,59,536,8,7,16,58,517,1,1,1,19
spider/protein_institute/0001,,6,29,easy,1,7,6,9,49,642,6,6,8,48,625,1,1,1,17
spider/protein_institute/0002,,15,79,medium,1,9,6,16,72,1050,6,6,8,48,625,3,8,24,425
spider/protein_institute/0003,,11,59,medium,1,7,6,9,49,652,6,6,8,48,625,1,1,1,27
spider/protein_institute/0004,,18,72,medium,1,9,6,9,51,687,6,6,8,48,625,3,1,3,62
spider/protein_institute/0005,,31,156,extra,1,7,6,9,49,642,6,6,8,48,625,1,1,1,17
spider/protein_institute/0006,,19,69,medium,1,7,6,13,53,738,6,6,8,48,625,1,5,5,113
spider/protein_institute/0007,,22,96,medium,1,11,9,13,103,1229,9,9,11,99,1097,2,2,4,132
spider/protein_institute/0008,,16,83,medium,1,12,9,14,108,1186,9,9,11,99,1097,3,3,9,89
spider/protein_institute/0009,,13,73,hard,1,10,9,12,100,1116,9,9,11,99,1097,1,1,1,19
spider/protein_institute/0010,,19,74,medium,1,10,9,13,101,1125,9,9,11,99,1097,1,2,2,28
spider/protein_institute/0011,,15,97,hard,2,16,14,20,148,1755,15,14,19,147,1722,1,1,1,33
spider/protein_institute/0012,,32,149,hard,2,16,14,26,154,1868,15,14,19,147,1722,1,7,7,146
spider/protein_institute/0013,,25,133,medium,2,17,14,26,161,1896,15,14,19,147,1722,2,7,14,174
spider/protein_institute/0014,,39,184,hard,2,17,14,22,153,1824,15,14,19,147,1722,2,3,6,102
spider/protein_institute/0015,,6,37,easy,1,10,9,14,102,1132,9,9,11,99,1097,1,3,3,35
spider/protein_institute/0016,,25,148,medium,2,18,15,20,142,1861,16,15,16,134,1697,2,4,8,164
spider/protein_institute/0017,,33,147,hard,2,17,15,17,135,1714,16,15,16,134,1697,1,1,1,17
spider/protein_institute/0018,,23,128,medium,2,18,15,21,144,2069,16,15,16,134,1697,2,5,10,372
spider/protein_institute/0019,,36,175,hard,3,23,20,25,183,2339,22,20,24,182,2322,1,1,1,17
spider/protein_institute/0020,,15,106,extra,2,17,15,17,135,1714,16,15,16,134,1697,1,1,1,17
spider/race_track/0001,,6,26,easy,1,6,5,10,46,605,5,5,9,45,588,1,1,1,17
spider/race_track/0002,,9,39,medium,1,7,5,18,63,978,5,5,9,45,588,2,9,18,390
spider/race_track/0003,,18,80,medium,1,7,5,11,49,666,5,5,9,45,588,2,2,4,78
spider/race_track/0004,,17,89,medium,1,8,5,10,48,667,5,5,9,45,588,3,1,3,79
spider/race_track/0005,,18,72,medium,1,8,5,10,48,679,5,5,9,45,588,3,1,3,91
spider/race_track/0006,,24,117,extra,1,8,5,12,54,783,5,5,9,45,588,3,3,9,195
spider/race_track/0007,,6,35,easy,1,6,5,18,54,754,5,5,9,45,588,1,9,9,166
spider/race_track/0008,,6,25,easy,1,6,5,8,36,376,5,5,7,35,359,1,1,1,17
spider/race_track/0009,,6,31,easy,1,6,5,9,37,381,5,5,7,35,359,1,2,2,22
spider/race_track/0010,,12,42,medium,1,8,5,14,56,665,5,5,7,35,359,3,7,21,306
spider/race_track/0011,,11,54,medium,1,7,5,9,39,398,5,5,7,35,359,2,2,4,39
spider/race_track/0012,,13,68,hard,1,6,5,8,36,377,5,5,7,35,359,1,1,1,18
spider/race_track/0013,,14,58,easy,1,6,5,9,37,381,5,5,7,35,359,1,2,2,22
spider/race_track/0014,,32,128,hard,2,11,8,23,87,1132,10,8,16,80,947,1,7,7,185
spider/race_track/0015,,15,81,hard,2,11,8,19,83,1041,10,8,16,80,947,1,3,3,94
spider/race_track/0017,,25,114,medium,2,12,8,22,92,1122,10,8,16,80,947,2,6,12,175
spider/race_track/0018,,27,128,extra,2,11,8,17,81,979,10,8,16,80,947,1,1,1,32
spider/race_track/0019,,27,108,medium,2,13,8,23,101,1379,10,8,16,80,947,3,7,21,432
spider/race_track/0020,,32,137,medium,2,12,8,21,90,1171,10,8,16,80,947,2,5,10,224
spider/railway/0001,,6,28,easy,1,8,7,11,71,673,7,7,10,70,655,1,1,1,18
spider/railway/0002,,9,48,easy,1,8,7,20,80,799,7,7,10,70,655,1,10,10,144
spider/railway/0003,,9,43,medium,1,9,7,20,90,854,7,7,10,70,655,2,10,20,199
spider/railway/0004,,14,60,easy,1,7,6,8,43,358,6,6,7,42,338,1,1,1,20
spider/railway/0005,,8,28,easy,1,7,6,8,43,373,6,6,7,42,338,1,1,1,35
spider/railway/0006,,9,43,easy,1,7,6,14,49,438,6,6,7,42,338,1,7,7,100
spider/railway/0007,,9,38,medium,1,8,6,18,72,708,6,6,9,54,466,2,9,18,242
spider/railway/0008,,11,50,medium,1,7,6,8,43,363,6,6,7,42,338,1,1,1,25
spider/railway/0009,,23,103,medium,2,15,12,28,142,1396,13,12,19,124,1121,2,9,18,275
spider/railway/0010,,26,116,medium,2,14,12,21,126,1159,13,12,19,124,1121,1,2,2,38
spider/railway/0011,,32,152,medium,2,15,12,21,128,1173,13,12,19,124,1121,2,2,4,52
spider/railway/0012,,31,162,extra,2,15,12,20,126,1166,13,12,19,124,1121,2,1,2,45
spider/railway/0013,,11,61,medium,1,9,7,19,88,817,7,7,10,70,655,2,9,18,162
spider/railway/0014,,13,75,hard,1,8,7,11,71,681,7,7,10,70,655,1,1,1,26
spider/railway/0015,,11,63,medium,1,9,7,18,86,782,7,7,10,70,655,2,8,16,127
spider/railway/0016,,14,66,easy,1,8,7,12,72,695,7,7,10,70,655,1,2,2,40
spider/railway/0017,,15,96,hard,2,14,12,22,127,1172,13,12,19,124,1121,1,3,3,51
spider/railway/0018,,24,99,hard,1,7,6,8,43,366,6,6,7,42,338,1,1,1,28
spider/railway/0019,,6,36,easy,1,7,6,11,46,396,6,6,7,42,338,1,4,4,58
spider/railway/0020,,9,59,easy,1,7,6,14,49,405,6,6,7,42,338,1,7,7,67
spider/railway/0021,,19,56,medium,1,7,6,11,46,401,6,6,7,42,338,1,4,4,63
spider/restaurant_1/0001,,6,31,easy,1,5,4,4,10,183,4,4,2,8,151,1,2,2,32
spider/restaurant_1/0002,,12,56,easy,1,5,4,3,9,204,4,4,2,8,151,1,1,1,53
spider/restaurant_1/0003,,12,55,easy,1,5,4,3,9,166,4,4,2,8,151,1,1,1,15
spider/restaurant_1/0004,,6,40,easy,1,4,3,4,8,159,3,3,2,6,122,1,2,2,37
spider/restaurant_1/0005,,12,78,easy,1,4,3,3,7,166,3,3,2,6,122,1,1,1,44
spider/restaurant_1/0006,,14,75,medium,1,6,4,3,10,188,4,4,2,8,151,2,1,2,37
spider/restaurant_1/0007,,19,68,medium,1,9,8,35,273,1324,8,8,34,272,1311,1,1,1,13
spider/restaurant_1/0008,,19,68,medium,1,9,8,35,273,1323,8,8,34,272,1311,1,1,1,12
spider/restaurant_1/0009,,15,58,medium,1,10,8,52,308,1572,8,8,34,272,1311,2,18,36,261
spider/restaurant_1/0010,,19,74,medium,1,9,8,35,273,1331,8,8,34,272,1311,1,1,1,20
spider/restaurant_1/0011,,12,50,easy,1,9,8,35,273,1328,8,8,34,272,1311,1,1,1,17
spider/restaurant_1/0012,,18,99,hard,1,10,8,35,274,1345,8,8,34,272,1311,2,1,2,34
spider/restaurant_1/0013,,18,92,hard,1,10,8,35,274,1342,8,8,34,272,1311,2,1,2,31
spider/restaurant_1/0014,,21,95,medium,1,10,8,39,282,1370,8,8,34,272,1311,2,5,10,59
spider/restaurant_1/0015,,22,73,medium,1,10,8,44,292,1468,8,8,34,272,1311,2,10,20,157
spider/restaurant_1/0016,,28,90,medium,1,10,8,37,278,1372,8,8,34,272,1311,2,3,6,61
spider/restaurant_1/0017,,36,269,hard,3,10,7,7,19,325,9,7,6,18,308,1,1,1,17
spider/restaurant_1/0018,,33,157,medium,2,13,11,37,281,1446,12,11,36,280,1423,1,1,1,23
spider/restaurant_1/0019,,48,253,hard,3,17,14,39,289,1591,16,14,38,288,1574,1,1,1,17
spider/restaurant_1/0020,,48,249,hard,3,17,14,39,289,1610,16,14,38,288,1574,1,1,1,36
spider/restaurant_1/0021,,34,224,extra,2,10,7,5,18,323,8,7,4,16,263,2,1,2,60
spider/restaurant_1/0022,,29,176,extra,2,14,11,37,282,1456,12,11,36,280,1423,2,1,2,33
spider/riding_club/0001,,6,27,easy,1,9,8,15,113,1158,8,8,14,112,1140,1,1,1,18
spider/riding_club/0002,,9,49,easy,1,9,8,28,126,1373,8,8,14,112,1140,1,14,14,233
spider/riding_club/0003,,9,44,medium,1,10,8,28,140,1446,8,8,14,112,1140,2,14,28,306
spider/riding_club/0004,,15,81,medium,1,10,8,27,138,1486,8,8,14,112,1140,2,13,26,346
spider/riding_club/0005,,19,85,medium,1,9,8,16,114,1210,8,8,14,112,1140,1,2,2,70
spider/riding_club/0006,,11,58,medium,1,9,8,15,113,1170,8,8,14,112,1140,1,1,1,30
spider/riding_club/0007,,11,66,medium,1,10,8,25,134,1407,8,8,14,112,1140,2,11,22,267
spider/riding_club/0008,,13,80,hard,1,9,8,15,113,1165,8,8,14,112,1140,1,1,1,25
spider/riding_club/0009,,14,68,easy,1,9,8,15,113,1165,8,8,14,112,1140,1,1,1,25
spider/riding_club/0010,,34,162,medium,3,18,12,33,172,1654,16,12,26,158,1424,2,7,14,230
spider/riding_club/0011,,37,158,hard,3,17,12,29,161,1487,16,12,26,158,1424,1,3,3,63
spider/riding_club/0012,,41,188,hard,3,18,12,29,164,1498,16,12,26,158,1424,2,3,6,74
spider/riding_club/0013,,38,185,hard,3,18,12,33,172,1654,16,12,26,158,1424,2,7,14,230
spider/riding_club/0014,,15,99,hard,2,12,10,28,140,1382,11,10,21,133,1258,1,7,7,124
spider/riding_club/0015,,24,109,hard,1,9,8,15,113,1165,8,8,14,112,1140,1,1,1,25
spider/riding_club/0016,,29,135,medium,2,12,8,13,55,437,9,8,11,49,367,3,2,6,70
spider/riding_club/0017,,31,152,extra,2,14,10,12,69,387,12,10,11,67,359,2,1,2,28
spider/roller_coaster/0001,,6,35,easy,1,10,9,7,55,541,9,9,6,54,524,1,1,1,17
spider/roller_coaster/0002,,9,51,easy,1,10,9,12,60,617,9,9,6,54,524,1,6,6,93
spider/roller_coaster/0003,,9,48,medium,1,11,9,12,66,631,9,9,6,54,524,2,6,12,107
spider/roller_coaster/0004,,12,52,easy,1,6,5,5,17,197,5,5,3,15,170,1,2,2,27
spider/roller_coaster/0005,,19,71,medium,1,10,9,10,58,580,9,9,6,54,524,1,4,4,56
spider/roller_coaster/0006,,11,61,medium,1,10,9,7,55,539,9,9,6,54,524,1,1,1,15
spider/roller_coaster/0007,,8,37,easy,1,10,9,7,55,560,9,9,6,54,524,1,1,1,36
spider/roller_coaster/0008,,11,66,medium,1,11,9,7,56,562,9,9,6,54,524,2,1,2,38
spider/roller_coaster/0009,,13,80,hard,1,10,9,7,55,547,9,9,6,54,524,1,1,1,23
spider/roller_coaster/0010,,14,69,easy,1,10,9,7,55,547,9,9,6,54,524,1,1,1,23
spider/roller_coaster/0011,,11,59,medium,1,10,9,7,55,547,9,9,6,54,524,1,1,1,23
spider/roller_coaster/0012,,23,108,medium,2,16,12,15,81,851,14,12,9,69,694,2,6,12,157
spider/roller_coaster/0013,,28,129,medium,2,15,12,11,71,722,14,12,9,69,694,1,2,2,28
spider/roller_coaster/0014,,29,146,hard,2,16,12,10,71,735,14,12,9,69,694,2,1,2,41
spider/roller_coaster/0015,,28,131,medium,2,16,12,12,75,779,14,12,9,69,694,2,3,6,85
spider/roller_coaster/0016,,21,127,extra,2,15,12,10,70,711,14,12,9,69,694,1,1,1,17
spider/roller_coaster/0017,,68,321,extra,2,17,12,10,72,751,14,12,9,69,694,3,1,3,57
spider/school_bus/0001,,6,27,easy,1,6,5,13,61,482,5,5,12,60,464,1,1,1,18
spider/school_bus/0002,,12,53,medium,1,8,5,24,96,829,5,5,12,60,464,3,12,36,365
spider/school_bus/0003,,11,56,medium,1,7,5,14,64,503,5,5,12,60,464,2,2,4,39
spider/school_bus/0004,,9,41,easy,1,6,5,24,72,648,5,5,12,60,464,1,12,12,184
spider/school_bus/0005,,6,37,easy,1,6,5,17,65,534,5,5,12,60,464,1,5,5,70
spider/school_bus/0006,,13,78,hard,1,6,5,13,61,489,5,5,12,60,464,1,1,1,25
spider/school_bus/0007,,19,68,medium,1,6,5,16,64,495,5,5,12,60,464,1,4,4,31
spider/school_bus/0008,,20,83,medium,1,6,5,13,61,489,5,5,12,60,464,1,1,1,25
spider/school_bus/0009,,18,79,hard,1,6,5,15,63,512,5,5,12,60,464,1,3,3,48
spider/school_bus/0010,,15,90,hard,2,10,8,24,87,688,9,8,17,80,576,1,7,7,112
spider/school_bus/0011,,14,57,easy,1,6,5,8,36,567,5,5,7,35,549,1,1,1,18
spider/school_bus/0012,,34,152,medium,3,16,12,29,125,1332,14,12,24,115,1125,2,5,10,207
spider/school_bus/0013,,18,95,medium,1,7,4,6,23,193,4,4,5,20,112,3,1,3,81
spider/school_bus/0014,,18,105,extra,2,11,8,14,59,748,9,8,12,55,661,2,2,4,87
spider/school_bus/0015,,25,119,medium,2,11,8,14,59,705,9,8,12,55,661,2,2,4,44
spider/school_bus/0016,,19,70,medium,1,6,5,13,61,482,5,5,12,60,464,1,1,1,18
spider/school_bus/0017,,19,67,medium,1,6,5,13,61,491,5,5,12,60,464,1,1,1,27
spider/school_bus/0018,,24,121,hard,2,10,8,18,81,599,9,8,17,80,576,1,1,1,23
spider/school_finance/0001,,6,27,easy,1,9,8,9,65,572,8,8,8,64,555,1,1,1,17
spider/school_finance/0002,,9,51,easy,1,9,8,16,72,662,8,8,8,64,555,1,8,8,107
spider/school_finance/0003,,12,62,medium,1,11,8,16,88,819,8,8,8,64,555,3,8,24,264
spider/school_finance/0004,,13,58,medium,1,10,8,9,66,611,8,8,8,64,555,2,1,2,56
spider/school_finance/0005,,18,90,hard,1,9,8,12,68,604,8,8,8,64,555,1,4,4,49
spider/school_finance/0006,,11,58,medium,1,9,8,9,65,590,8,8,8,64,555,1,1,1,35
spider/school_finance/0007,,18,82,medium,1,11,8,9,67,634,8,8,8,64,555,3,1,3,79
spider/school_finance/0008,,16,82,medium,1,11,8,13,79,708,8,8,8,64,555,3,5,15,153
spider/school_finance/0009,,28,139,medium,2,13,11,20,109,919,12,11,19,108,879,1,1,1,40
spider/school_finance/0010,,18,102,extra,1,6,4,22,66,576,4,4,11,44,324,2,11,22,252
spider/school_finance/0012,,31,141,medium,2,13,11,25,114,970,12,11,19,108,879,1,6,6,91
spider/school_finance/0014,,18,93,hard,1,5,4,16,49,419,4,4,11,44,324,1,5,5,95
spider/school_finance/0015,,14,78,medium,1,6,4,12,46,378,4,4,11,44,324,2,1,2,54
spider/school_finance/0016,,19,68,medium,1,8,7,9,57,431,7,7,8,56,414,1,1,1,17
spider/school_finance/0017,,34,150,medium,2,18,14,21,135,1130,15,14,16,120,969,3,5,15,161
spider/school_finance/0018,,6,43,easy,1,5,4,22,55,504,4,4,11,44,324,1,11,11,180
spider/school_finance/0019,,12,53,easy,1,8,7,9,57,431,7,7,8,56,414,1,1,1,17
spider/school_finance/0020,,28,121,medium,2,16,14,17,121,997,15,14,16,120,969,1,1,1,28
spider/school_finance/0021,,52,217,extra,3,20,17,32,169,1368,19,17,27,164,1293,1,5,5,75
spider/school_finance/0022,,35,155,hard,2,13,11,21,110,912,12,11,19,108,879,1,2,2,33
spider/school_finance/0023,,,118,easy,1,5,4,12,45,341,4,4,11,44,324,1,1,1,17
spider/school_player/0001,,6,27,easy,1,11,10,7,61,803,10,10,6,60,786,1,1,1,17
spider/school_player/0002,,9,51,easy,1,11,10,12,66,873,10,10,6,60,786,1,6,6,87
spider/school_player/0003,,9,49,easy,1,11,10,12,66,873,10,10,6,60,786,1,6,6,87
spider/school_player/0004,,12,62,easy,1,11,10,10,64,835,10,10,6,60,786,1,4,4,49
spider/school_player/0005,,8,34,easy,1,11,10,7,61,828,10,10,6,60,786,1,1,1,42
spider/school_player/0006,,9,41,easy,1,7,6,46,161,1727,6,6,23,138,1296,1,23,23,431
spider/school_player/0007,,8,43,easy,1,7,6,24,139,1329,6,6,23,138,1296,1,1,1,33
spider/school_player/0008,,11,49,medium,1,7,6,24,139,1321,6,6,23,138,1296,1,1,1,25
spider/school_player/0009,,11,49,medium,1,7,6,28,143,1396,6,6,23,138,1296,1,5,5,100
spider/school_player/0010,,23,101,medium,2,18,15,52,244,2801,16,15,29,198,2082,2,23,46,719
spider/school_player/0011,,28,127,medium,2,17,15,33,202,2144,16,15,29,198,2082,1,4,4,62
spider/school_player/0012,,27,142,extra,2,17,15,30,199,2110,16,15,29,198,2082,1,1,1,28
spider/school_player/0013,,23,113,medium,2,18,15,18,108,1337,16,15,12,96,1183,2,6,12,154
spider/school_player/0014,,11,70,medium,1,12,10,9,66,859,10,10,6,60,786,2,3,6,73
spider/school_player/0015,,14,93,extra,1,12,10,9,66,859,10,10,6,60,786,2,3,6,73
spider/school_player/0016,,11,65,medium,1,11,10,7,61,817,10,10,6,60,786,1,1,1,31
spider/school_player/0018,,24,119,hard,1,11,10,7,61,814,10,10,6,60,786,1,1,1,28
spider/school_player/0019,,12,66,easy,1,7,6,10,40,451,6,6,6,36,397,1,4,4,54
spider/school_player/0020,,14,73,easy,1,11,10,8,62,824,10,10,6,60,786,1,2,2,38
spider/scientist_1/0001,,6,31,easy,1,3,2,13,25,331,2,2,12,24,313,1,1,1,18
spider/scientist_1/0002,,8,31,easy,1,4,3,15,43,597,3,3,14,42,574,1,1,1,23
spider/scientist_1/0003,,8,48,easy,1,3,2,13,25,254,2,2,12,24,219,1,1,1,35
spider/scientist_1/0004,,8,41,easy,1,4,3,15,43,604,3,3,14,42,574,1,1,1,30
spider/scientist_1/0005,,8,31,easy,1,4,3,15,43,610,3,3,14,42,574,1,1,1,36
spider/scientist_1/0006,,11,53,medium,1,4,3,15,43,612,3,3,14,42,574,1,1,1,38
spider/scientist_1/0007,,18,82,hard,1,4,3,16,44,638,3,3,14,42,574,1,2,2,64
spider/scientist_1/0008,,31,148,extra,2,7,5,27,68,844,5,5,26,66,793,2,1,2,51
spider/scientist_1/0009,,37,156,extra,3,8,6,41,93,1198,7,6,38,90,1106,1,3,3,92
spider/scientist_1/0010,,47,195,extra,3,8,6,39,91,1131,7,6,38,90,1106,1,1,1,25
spider/scientist_1/0011,,14,57,easy,1,4,3,19,47,723,3,3,14,42,574,1,5,5,149
spider/scientist_1/0013,,9,41,easy,1,3,2,24,36,498,2,2,12,24,313,1,12,12,185
spider/scientist_1/0014,,25,114,medium,2,7,5,34,82,1067,5,5,26,66,793,2,8,16,274
spider/scientist_1/0015,,32,135,hard,2,7,5,30,74,952,5,5,26,66,793,2,4,8,159
spider/scientist_1/0016,,25,117,medium,2,6,4,36,72,754,4,4,24,48,532,2,12,24,222
spider/scientist_1/0018,,19,83,easy,2,5,4,36,60,717,4,4,24,48,532,1,12,12,185
spider/scientist_1/0019,,15,85,hard,2,6,5,32,72,987,5,5,26,66,793,1,6,6,194
spider/scientist_1/0021,,15,92,extra,2,5,4,25,49,549,4,4,24,48,532,1,1,1,17
spider/scientist_1/0022,,49,222,hard,3,8,6,50,102,1291,7,6,38,90,1106,1,12,12,185
spider/ship_1/0001,,8,40,easy,1,7,6,8,43,540,6,6,7,42,511,1,1,1,29
spider/ship_1/0002,,11,55,medium,1,8,6,10,48,593,6,6,7,42,511,2,3,6,82
spider/ship_1/0003,,17,70,medium,1,8,6,10,48,593,6,6,7,42,511,2,3,6,82
spider/ship_1/0004,,9,42,easy,1,7,6,14,49,698,6,6,7,42,511,1,7,7,187
spider/ship_1/0005,,12,51,medium,1,9,6,14,63,938,6,6,7,42,511,3,7,21,427
spider/ship_1/0006,,13,69,hard,1,7,6,8,43,533,6,6,7,42,511,1,1,1,22
spider/ship_1/0007,,14,60,easy,1,7,6,8,43,551,6,6,7,42,511,1,1,1,40
spider/ship_1/0008,,19,75,medium,1,7,6,13,48,671,6,6,7,42,511,1,6,6,160
spider/ship_1/0009,,18,74,medium,1,9,6,12,57,679,6,6,7,42,511,3,5,15,168
spider/ship_1/0010,,24,117,hard,1,7,6,8,43,533,6,6,7,42,511,1,1,1,22
spider/ship_1/0011,,18,100,hard,1,7,6,8,43,550,6,6,7,42,511,1,1,1,39
spider/ship_1/0012,,11,45,medium,1,7,6,8,43,545,6,6,7,42,511,1,1,1,34
spider/ship_1/0013,,6,25,easy,1,7,6,10,55,460,6,6,9,54,443,1,1,1,17
spider/ship_1/0014,,17,80,medium,1,9,6,10,57,498,6,6,9,54,443,3,1,3,55
spider/ship_1/0015,,11,52,medium,1,8,6,11,58,485,6,6,9,54,443,2,2,4,42
spider/ship_1/0016,,13,66,hard,1,7,6,10,55,461,6,6,9,54,443,1,1,1,18
spider/ship_1/0017,,12,57,easy,1,7,6,18,63,588,6,6,9,54,443,1,9,9,145
spider/ship_1/0018,,24,100,hard,1,7,6,10,55,462,6,6,9,54,443,1,1,1,19
spider/ship_1/0019,,13,78,hard,1,7,6,10,55,468,6,6,9,54,443,1,1,1,25
spider/ship_1/0020,,28,116,medium,2,13,9,18,98,995,12,9,16,96,954,1,2,2,41
spider/ship_1/0021,,18,95,extra,2,14,9,20,104,1043,12,9,16,96,954,2,4,8,89
spider/ship_1/0023,,24,125,extra,2,14,9,21,106,1077,12,9,16,96,954,2,5,10,123
spider/ship_1/0024,,52,227,extra,2,13,9,17,97,976,12,9,16,96,954,1,1,1,22
spider/ship_mission/0001,,6,25,easy,1,6,5,9,41,421,5,5,8,40,404,1,1,1,17
spider/ship_mission/0002,,9,42,easy,1,6,5,16,48,495,5,5,8,40,404,1,8,8,91
spider/ship_mission/0003,,9,41,medium,1,7,5,16,56,646,5,5,8,40,404,2,8,16,242
spider/ship_mission/0004,,12,58,easy,1,6,5,13,45,458,5,5,8,40,404,1,5,5,54
spider/ship_mission/0005,,19,93,medium,1,6,5,16,48,495,5,5,8,40,404,1,8,8,91
spider/ship_mission/0006,,11,51,medium,1,6,5,9,41,421,5,5,8,40,404,1,1,1,17
spider/ship_mission/0007,,11,52,medium,1,7,5,10,44,456,5,5,8,40,404,2,2,4,52
spider/ship_mission/0008,,13,66,hard,1,6,5,9,41,426,5,5,8,40,404,1,1,1,22
spider/ship_mission/0009,,14,69,easy,1,6,5,10,42,452,5,5,8,40,404,1,2,2,48
spider/ship_mission/0010,,13,56,medium,1,7,5,10,44,471,5,5,8,40,404,2,2,4,67
spider/ship_mission/0011,,27,108,medium,2,15,11,22,110,1199,12,11,15,89,899,3,7,21,300
spider/ship_mission/0012,,26,106,medium,2,13,11,21,95,974,12,11,15,89,899,1,6,6,75
spider/ship_mission/0013,,26,124,medium,2,13,11,18,92,980,12,11,15,89,899,1,3,3,81
spider/ship_mission/0014,,15,81,hard,2,13,11,16,90,917,12,11,15,89,899,1,1,1,18
spider/ship_mission/0015,,24,99,hard,1,6,5,9,41,427,5,5,8,40,404,1,1,1,23
spider/shop_membership/0001,,18,106,hard,1,7,6,9,49,438,6,6,8,48,421,1,1,1,17
spider/shop_membership/0002,,15,76,medium,1,9,6,16,72,711,6,6,8,48,421,3,8,24,290
spider/shop_membership/0003,,11,63,medium,1,7,6,11,51,465,6,6,8,48,421,1,3,3,44
spider/shop_membership/0004,,12,63,easy,1,7,6,10,50,447,6,6,8,48,421,1,2,2,26
spider/shop_membership/0005,,14,68,easy,1,7,6,9,49,442,6,6,8,48,421,1,1,1,21
spider/shop_membership/0006,,26,116,hard,1,8,6,9,50,483,6,6,8,48,421,2,1,2,62
spider/shop_membership/0007,,17,77,medium,1,8,6,10,52,464,6,6,8,48,421,2,2,4,43
spider/shop_membership/0008,,8,40,easy,1,6,5,11,51,582,5,5,10,50,552,1,1,1,30
spider/shop_membership/0009,,15,80,medium,1,8,5,20,80,1039,5,5,10,50,552,3,10,30,487
spider/shop_membership/0010,,13,70,hard,1,6,5,11,51,566,5,5,10,50,552,1,1,1,14
spider/shop_membership/0012,,32,170,hard,2,11,8,22,84,651,9,8,16,72,548,2,6,12,103
spider/shop_membership/0013,,15,106,hard,2,9,7,20,76,714,8,7,18,74,679,1,2,2,35
spider/shop_membership/0014,,18,119,extra,2,11,8,18,76,603,9,8,16,72,548,2,2,4,55
spider/shop_membership/0015,,38,205,extra,2,11,8,17,74,588,9,8,16,72,548,2,1,2,40
spider/shop_membership/0016,,30,151,medium,2,10,7,24,86,935,8,7,18,74,679,2,6,12,256
spider/shop_membership/0017,,19,76,medium,1,7,6,9,49,439,6,6,8,48,421,1,1,1,18
spider/shop_membership/0019,,35,139,medium,2,11,9,17,81,656,10,9,16,80,612,1,1,1,44
spider/shop_membership/0020,,25,103,medium,2,10,8,19,83,760,9,8,18,82,743,1,1,1,17
spider/shop_membership/0022,,12,63,medium,1,6,5,13,53,587,5,5,10,50,552,1,3,3,35
spider/small_bank_1/0001,,28,111,medium,2,5,3,14,27,218,4,3,13,26,182,1,1,1,36
spider/small_bank_1/0002,,6,29,easy,1,3,2,8,15,107,2,2,7,14,90,1,1,1,17
spider/small_bank_1/0003,,8,33,easy,1,3,2,8,15,120,2,2,7,14,92,1,1,1,28
spider/small_bank_1/0004,,8,33,easy,1,3,2,8,15,130,2,2,7,14,92,1,1,1,38
spider/small_bank_1/0005,,18,88,hard,1,3,2,7,13,109,2,2,6,12,92,1,1,1,17
spider/small_bank_1/0006,,36,161,extra,2,6,3,19,38,252,4,3,14,28,182,2,5,10,70
spider/small_bank_1/0007,,26,108,hard,2,5,3,15,29,204,4,3,14,28,182,1,1,1,22
spider/small_bank_1/0008,,41,169,hard,3,8,3,21,42,327,6,3,20,40,274,2,1,2,53
spider/small_bank_1/0009,,64,301,extra,3,7,3,23,43,307,6,3,20,40,274,1,3,3,33
spider/small_bank_1/0010,,54,272,extra,3,7,3,21,41,296,6,3,20,40,274,1,1,1,22
spider/small_bank_1/0011,,9,39,easy,1,3,2,14,21,155,2,2,7,14,90,1,7,7,65
spider/small_bank_1/0015,,25,113,medium,2,6,3,21,42,274,4,3,14,28,182,2,7,14,92
spider/small_bank_1/0016,,28,119,medium,2,6,3,19,38,309,4,3,13,26,182,2,6,12,127
spider/small_bank_1/0017,,32,143,extra,2,5,3,18,32,224,4,3,14,28,182,1,4,4,42
spider/small_bank_1/0018,,36,159,extra,3,7,3,21,41,298,6,3,20,40,274,1,1,1,24
spider/small_bank_1/0021,,38,161,medium,3,9,3,26,58,456,6,3,20,40,274,3,6,18,182
spider/small_bank_1/0023,,38,153,hard,3,7,3,21,41,291,6,3,20,40,274,1,1,1,17
spider/small_bank_1/0025,,29,130,hard,2,6,3,16,32,258,4,3,13,26,182,2,3,6,76
spider/soccer_1/0001,,23,92,medium,2,7,3,33,77,928,5,3,22,55,569,2,11,22,359
spider/soccer_1/0002,,25,103,medium,2,6,3,23,56,586,5,3,22,55,569,1,1,1,17
spider/soccer_1/0009,,13,96,medium,1,44,42,183981,7727082,29715186,42,42,183978,7727076,29715090,2,3,6,96
spider/soccer_1/0010,,17,111,medium,1,44,42,183980,7727080,29715146,42,42,183978,7727076,29715090,2,2,4,56
spider/soccer_2/0001,,8,28,easy,1,4,3,5,13,107,3,3,4,12,85,1,1,1,22
spider/soccer_2/0002,,8,28,easy,1,4,3,5,13,109,3,3,4,12,85,1,1,1,24
spider/soccer_2/0003,,6,28,easy,1,4,3,5,13,102,3,3,4,12,85,1,1,1,17
spider/soccer_2/0004,,12,43,easy,1,5,4,7,25,185,4,4,6,24,168,1,1,1,17
spider/soccer_2/0005,,12,46,easy,1,4,3,5,13,102,3,3,4,12,85,1,1,1,17
spider/soccer_2/0006,,8,26,easy,1,5,4,7,25,190,4,4,6,24,168,1,1,1,22
spider/soccer_2/0007,,15,51,medium,1,6,4,9,30,224,4,4,6,24,168,2,3,6,56
spider/soccer_2/0008,,8,40,easy,1,5,4,7,25,194,4,4,6,24,164,1,1,1,30
spider/soccer_2/0009,,8,39,easy,1,5,4,7,25,193,4,4,6,24,164,1,1,1,29
spider/soccer_2/0010,,12,50,easy,1,5,4,7,25,181,4,4,6,24,164,1,1,1,17
spider/soccer_2/0011,,12,49,easy,1,5,4,7,25,181,4,4,6,24,164,1,1,1,17
spider/soccer_2/0012,,18,58,medium,1,7,4,7,27,225,4,4,6,24,168,3,1,3,57
spider/soccer_2/0013,,14,47,easy,1,4,3,5,13,109,3,3,4,12,85,1,1,1,24
spider/soccer_2/0014,,14,54,easy,1,5,4,8,26,194,4,4,6,24,168,1,2,2,26
spider/soccer_2/0015,,12,56,medium,1,5,4,11,29,217,4,4,6,24,168,1,5,5,49
spider/soccer_2/0016,,22,74,medium,1,5,3,5,14,116,3,3,4,12,85,2,1,2,31
spider/soccer_2/0017,,9,34,easy,1,6,3,8,24,170,3,3,4,12,85,3,4,12,85
spider/soccer_2/0018,,15,58,medium,1,4,3,6,14,105,3,3,4,12,85,1,2,2,20
spider/soccer_2/0019,,15,61,medium,1,5,4,9,27,200,4,4,6,24,168,1,3,3,32
spider/soccer_2/0020,,9,48,easy,1,5,4,10,28,194,4,4,6,24,164,1,4,4,30
spider/soccer_2/0021,,13,68,hard,1,5,4,7,25,182,4,4,6,24,164,1,1,1,18
spider/soccer_2/0022,,14,79,extra,1,6,4,10,32,215,4,4,6,24,164,2,4,8,51
spider/soccer_2/0023,,28,105,medium,2,10,7,15,54,394,8,7,12,48,332,2,3,6,62
spider/soccer_2/0024,,11,51,medium,1,4,3,7,15,110,3,3,4,12,85,1,3,3,25
spider/soccer_2/0025,,16,71,medium,1,6,3,8,24,175,3,3,4,12,85,3,4,12,90
spider/soccer_2/0026,,18,81,easy,2,8,6,14,40,276,7,6,10,36,249,1,4,4,27
spider/soccer_2/0027,,26,110,medium,2,8,6,12,38,268,7,6,10,36,249,1,2,2,19
spider/soccer_2/0028,,30,113,medium,2,10,7,14,52,376,8,7,12,48,332,2,2,4,44
spider/soccer_2/0030,,30,110,medium,2,10,7,14,52,376,8,7,12,48,332,2,2,4,44
spider/soccer_2/0031,,26,101,medium,2,8,6,11,37,264,7,6,10,36,249,1,1,1,15
spider/soccer_2/0032,,34,122,medium,2,9,7,13,49,350,8,7,12,48,332,1,1,1,18
spider/soccer_2/0033,,37,139,hard,3,12,9,17,61,432,11,9,16,60,417,1,1,1,15
spider/soccer_2/0034,,34,117,extra,2,10,7,13,50,378,8,7,12,48,332,2,1,2,46
spider/soccer_2/0035,,28,97,medium,2,9,7,13,49,356,8,7,12,48,332,1,1,1,24
spider/soccer_2/0036,,34,121,hard,2,10,7,14,52,385,8,7,12,48,332,2,2,4,53
spider/soccer_2/0037,,26,95,hard,2,9,7,13,49,348,8,7,12,48,332,1,1,1,16
spider/soccer_2/0038,,19,69,medium,1,5,4,7,25,180,4,4,6,24,164,1,1,1,16
spider/soccer_2/0039,,35,160,extra,3,12,9,17,61,437,11,9,16,60,417,1,1,1,20
spider/soccer_2/0040,,30,134,medium,2,9,6,12,40,289,7,6,10,36,249,2,2,4,40
spider/soccer_2/0041,,38,131,extra,1,4,3,6,14,106,3,3,4,12,85,1,2,2,21
spider/soccer_2/0042,,24,104,hard,1,5,4,7,25,180,4,4,6,24,164,1,1,1,16
spider/soccer_2/0043,,52,214,extra,2,8,6,11,37,264,7,6,10,36,249,1,1,1,15
spider/soccer_2/0044,,,141,easy,1,5,4,7,25,181,4,4,6,24,164,1,1,1,17
spider/soccer_2/0045,,24,97,hard,1,5,4,7,25,179,4,4,6,24,164,1,1,1,15
spider/soccer_2/0046,,52,205,extra,2,8,6,11,37,264,7,6,10,36,249,1,1,1,15
spider/soccer_2/0047,,,251,easy,2,8,6,11,37,266,7,6,10,36,249,1,1,1,17
spider/soccer_2/0048,,18,86,hard,1,4,3,7,15,108,3,3,4,12,85,1,3,3,23
spider/soccer_2/0049,,24,110,hard,1,4,3,5,13,100,3,3,4,12,85,1,1,1,15
spider/soccer_2/0050,,24,101,hard,1,4,3,5,13,100,3,3,4,12,85,1,1,1,15
spider/soccer_2/0051,,23,110,extra,2,8,6,11,37,271,7,6,10,36,249,1,1,1,22
spider/soccer_2/0052,,20,93,hard,1,4,3,5,13,115,3,3,4,12,85,1,1,1,30
spider/soccer_2/0053,,20,93,hard,1,4,3,5,13,115,3,3,4,12,85,1,1,1,30
spider/solvency_ii/0001,,6,29,easy,1,5,4,16,61,583,4,4,15,60,565,1,1,1,18
spider/solvency_ii/0002,,9,60,easy,1,5,4,30,75,804,4,4,15,60,565,1,15,15,239
spider/solvency_ii/0003,,9,59,medium,1,6,4,30,90,939,4,4,15,60,565,2,15,30,374
spider/solvency_ii/0004,,19,101,medium,1,5,4,16,61,594,4,4,15,60,565,1,1,1,29
spider/solvency_ii/0005,,8,39,easy,1,5,4,16,61,610,4,4,15,60,565,1,1,1,45
spider/solvency_ii/0006,,11,69,medium,1,5,4,16,61,592,4,4,15,60,565,1,1,1,27
spider/solvency_ii/0007,,11,82,medium,1,6,4,19,68,644,4,4,15,60,565,2,4,8,79
spider/solvency_ii/0008,,13,96,hard,1,5,4,16,61,594,4,4,15,60,565,1,1,1,29
spider/solvency_ii/0009,,14,86,easy,1,5,4,19,64,623,4,4,15,60,565,1,4,4,58
spider/solvency_ii/0010,,24,145,hard,1,5,4,16,61,594,4,4,15,60,565,1,1,1,29
spider/solvency_ii/0011,,25,147,medium,2,9,6,37,119,906,7,6,30,105,752,2,7,14,154
spider/solvency_ii/0012,,28,170,hard,2,9,6,37,119,906,7,6,30,105,752,2,7,14,154
spider/solvency_ii/0013,,28,151,medium,2,8,6,33,108,813,7,6,30,105,752,1,3,3,61
spider/solvency_ii/0015,,15,110,hard,2,8,6,35,110,835,7,6,30,105,752,1,5,5,83
spider/sports_competition/0001,,6,25,easy,1,5,4,7,25,179,4,4,6,24,162,1,1,1,17
spider/sports_competition/0002,,9,52,easy,1,5,4,12,30,214,4,4,6,24,162,1,6,6,52
spider/sports_competition/0003,,8,31,easy,1,7,6,7,37,247,6,6,6,36,212,1,1,1,35
spider/sports_competition/0004,,9,56,medium,1,6,4,22,66,600,4,4,11,44,365,2,11,22,235
spider/sports_competition/0005,,12,76,easy,1,5,4,13,46,392,4,4,11,44,365,1,2,2,27
spider/sports_competition/0006,,13,53,medium,1,8,6,7,38,257,6,6,6,36,212,2,1,2,45
spider/sports_competition/0007,,12,47,easy,1,7,6,7,37,229,6,6,6,36,212,1,1,1,17
spider/sports_competition/0008,,9,45,easy,1,5,4,12,30,210,4,4,6,24,162,1,6,6,48
spider/sports_competition/0009,,9,40,easy,1,5,4,12,30,210,4,4,6,24,162,1,6,6,48
spider/sports_competition/0010,,23,96,medium,2,14,10,36,174,1104,12,10,21,144,937,2,15,30,167
spider/sports_competition/0011,,26,108,medium,2,13,10,22,145,957,12,10,21,144,937,1,1,1,20
spider/sports_competition/0012,,28,104,medium,2,13,10,22,145,964,12,10,21,144,937,1,1,1,27
spider/sports_competition/0013,,13,65,medium,1,10,8,25,140,983,8,8,15,120,775,2,10,20,208
spider/sports_competition/0014,,16,66,easy,1,9,8,25,130,902,8,8,15,120,775,1,10,10,127
spider/sports_competition/0015,,11,83,medium,1,6,4,13,48,426,4,4,11,44,365,2,2,4,61
spider/sports_competition/0016,,13,97,hard,1,5,4,12,45,397,4,4,11,44,365,1,1,1,32
spider/sports_competition/0017,,14,87,easy,1,5,4,12,45,399,4,4,11,44,365,1,1,1,34
spider/sports_competition/0018,,15,80,hard,2,13,10,22,145,954,12,10,21,144,937,1,1,1,17
spider/sports_competition/0019,,24,105,hard,1,9,8,16,121,804,8,8,15,120,775,1,1,1,29
spider/sports_competition/0020,,8,30,easy,1,9,8,16,121,800,8,8,15,120,775,1,1,1,25
spider/sports_competition/0021,,8,43,easy,1,9,8,16,121,809,8,8,15,120,775,1,1,1,34
spider/sports_competition/0022,,18,80,hard,1,9,8,17,122,817,8,8,15,120,775,1,2,2,42
spider/sports_competition/0023,,17,80,medium,1,10,8,20,130,867,8,8,15,120,775,2,5,10,92
spider/sports_competition/0024,,19,117,extra,1,5,4,12,45,388,4,4,11,44,365,1,1,1,23
spider/sports_competition/0025,,24,151,hard,1,5,4,12,45,386,4,4,11,44,365,1,1,1,21
spider/sports_competition/0026,,18,106,hard,1,5,4,12,45,388,4,4,11,44,365,1,1,1,23
spider/station_weather/0001,,9,52,medium,1,6,4,22,66,1014,4,4,11,44,594,2,11,22,420
spider/station_weather/0002,,12,57,medium,1,9,7,22,99,1080,7,7,11,77,757,2,11,22,323
spider/station_weather/0003,,18,87,medium,1,9,7,13,81,809,7,7,11,77,757,2,2,4,52
spider/station_weather/0004,,12,54,medium,1,8,7,12,78,774,7,7,11,77,757,1,1,1,17
spider/station_weather/0005,,22,100,medium,1,9,7,12,79,797,7,7,11,77,757,2,1,2,40
spider/station_weather/0006,,11,57,medium,1,9,7,20,95,894,7,7,11,77,757,2,9,18,137
spider/station_weather/0007,,27,123,extra,2,10,9,30,114,908,9,9,29,113,877,1,1,1,31
spider/station_weather/0008,,29,143,medium,2,9,6,38,107,1093,6,6,29,80,714,3,9,27,379
spider/station_weather/0009,,13,89,medium,1,8,6,23,110,655,6,6,16,96,512,2,7,14,143
spider/station_weather/0010,,34,165,extra,2,12,10,28,142,1185,10,10,27,140,1106,2,1,2,79
spider/station_weather/0011,,41,169,hard,3,15,12,48,173,1702,13,12,40,157,1471,2,8,16,231
spider/station_weather/0012,,8,44,easy,1,5,4,12,45,627,4,4,11,44,594,1,1,1,33
spider/station_weather/0013,,33,176,extra,2,12,10,28,142,1151,10,10,27,140,1106,2,1,2,45
spider/station_weather/0014,,35,166,medium,2,12,10,32,150,1201,10,10,27,140,1106,2,5,10,95
spider/station_weather/0015,,13,75,medium,1,8,6,17,98,569,6,6,16,96,512,2,1,2,57
spider/station_weather/0016,,14,60,easy,1,8,7,13,79,793,7,7,11,77,757,1,2,2,36
spider/store_1/0001,,16,110,hard,1,11,9,417,3718,32133,9,9,412,3708,32046,2,5,10,87
spider/store_1/0002,,20,114,hard,1,11,9,420,3724,32299,9,9,412,3708,32046,2,8,16,253
spider/store_1/0003,,20,115,hard,1,11,9,422,3728,32356,9,9,412,3708,32046,2,10,20,310
spider/store_1/0004,,29,147,hard,2,24,21,476,4485,39005,22,21,471,4475,38892,2,5,10,113
spider/store_1/0005,,34,173,extra,2,25,21,481,4505,39123,22,21,471,4475,38892,3,10,30,231
spider/store_1/0006,,40,183,extra,2,25,21,481,4505,39197,22,21,471,4475,38892,3,10,30,305
spider/store_1/0007,,30,137,extra,2,13,9,3533,31587,245713,11,9,3528,31577,245623,2,5,10,90
spider/store_1/0008,,6,25,easy,1,4,3,694,1388,19781,3,3,347,1041,11148,1,347,347,8633
spider/store_1/0009,,9,40,easy,1,4,3,694,1388,19781,3,3,347,1041,11148,1,347,347,8633
spider/store_1/0010,,15,62,hard,1,4,3,379,1073,11923,3,3,347,1041,11148,1,32,32,775
spider/store_1/0011,,28,133,hard,2,24,21,481,4495,39075,22,21,471,4475,38892,2,10,20,183
spider/store_1/0012,,21,90,medium,1,10,9,413,3709,32070,9,9,412,3708,32046,1,1,1,24
spider/store_1/0013,,19,88,medium,1,10,9,413,3709,32063,9,9,412,3708,32046,1,1,1,17
spider/store_1/0014,,17,105,medium,1,11,9,423,3730,32145,9,9,412,3708,32046,2,11,22,99
spider/store_1/0015,,22,136,extra,1,11,9,413,3710,32085,9,9,412,3708,32046,2,1,2,39
spider/store_1/0016,,20,98,medium,1,12,9,413,3711,32120,9,9,412,3708,32046,3,1,3,74
spider/store_1/0017,,26,105,medium,2,6,4,623,1592,18463,5,4,622,1591,18442,1,1,1,21
spider/store_1/0018,,25,108,medium,2,6,4,623,1592,18459,5,4,622,1591,18442,1,1,1,17
spider/store_1/0019,,19,87,medium,1,14,13,60,768,6877,13,13,59,767,6846,1,1,1,31
spider/store_1/0020,,22,97,medium,1,15,13,60,769,6906,13,13,59,767,6846,2,1,2,60
spider/store_1/0021,,12,53,easy,1,14,13,60,768,6863,13,13,59,767,6846,1,1,1,17
spider/store_1/0022,,12,50,easy,1,14,13,60,768,6863,13,13,59,767,6846,1,1,1,17
spider/store_1/0023,,19,87,medium,1,14,13,60,768,6867,13,13,59,767,6846,1,1,1,21
spider/store_1/0024,,26,103,hard,2,6,4,636,1605,18753,5,4,622,1591,18442,1,14,14,311
spider/store_1/0025,,33,148,medium,2,29,17,68,888,8463,28,17,67,887,8445,1,1,1,18
spider/store_1/0026,,25,115,medium,1,18,15,9,123,1692,15,15,8,120,1599,3,1,3,93
spider/store_1/0027,,38,170,extra,1,17,15,11,126,1673,15,15,8,120,1599,2,3,6,74
spider/store_1/0028,,19,85,medium,1,16,15,9,121,1626,15,15,8,120,1599,1,1,1,27
spider/store_1/0029,,31,158,extra,2,30,17,68,889,8489,28,17,67,887,8445,2,1,2,44
spider/store_1/0030,,12,56,easy,1,16,15,9,121,1616,15,15,8,120,1599,1,1,1,17
spider/store_1/0031,,19,83,medium,1,16,15,9,121,1629,15,15,8,120,1599,1,1,1,30
spider/store_1/0032,,14,84,medium,1,17,15,9,122,1643,15,15,8,120,1599,2,1,2,44
spider/store_1/0033,,14,83,medium,1,17,15,16,136,1749,15,15,8,120,1599,2,8,16,150
spider/store_1/0034,,17,82,medium,1,17,15,9,122,1636,15,15,8,120,1599,2,1,2,37
spider/store_1/0035,,40,204,extra,1,18,15,9,123,1671,15,15,8,120,1599,3,1,3,72
spider/store_1/0036,,33,144,medium,2,23,21,472,4476,38909,22,21,471,4475,38892,1,1,1,17
spider/store_1/0037,,36,149,medium,2,23,21,472,4476,38932,22,21,471,4475,38892,1,1,1,40
spider/store_1/0038,,6,29,easy,1,3,2,10,15,265,2,2,5,10,141,1,5,5,124
spider/store_1/0039,,6,33,easy,1,3,2,50,75,641,2,2,25,50,357,1,25,25,284
spider/store_1/0040,,6,27,easy,1,3,2,36,54,582,2,2,18,36,317,1,18,18,265
spider/store_1/0041,,12,59,easy,1,10,9,3504,31528,245335,9,9,3503,31527,245266,1,1,1,69
spider/store_1/0042,,12,63,easy,1,10,9,3504,31528,245292,9,9,3503,31527,245266,1,1,1,26
spider/store_1/0043,,26,97,medium,2,12,9,4825,32874,267700,11,9,3528,31577,245623,1,1297,1297,22077
spider/store_1/0044,,26,111,medium,2,13,11,3851,32569,256464,12,11,3850,32568,256414,1,1,1,50
spider/store_1/0045,,26,111,medium,2,13,11,3980,32698,258658,12,11,3850,32568,256414,1,130,130,2244
spider/store_1/0046,,31,115,medium,2,13,11,4033,32751,260366,12,11,3850,32568,256414,1,183,183,3952
spider/store_1/0047,,45,182,hard,3,14,9,4744,32798,266318,13,9,3533,31587,245764,1,1211,1211,20554
spider/store_1/0048,,45,181,extra,3,14,9,6653,34707,299482,13,9,3533,31587,245764,1,3120,3120,53718
spider/store_1/0049,,34,118,hard,2,12,9,4955,33004,269934,11,9,3528,31577,245623,1,1427,1427,24311
spider/store_1/0051,,31,145,medium,2,5,4,8738,17471,67808,4,4,8733,17466,67750,1,5,5,58
spider/store_1/0052,,56,233,extra,4,37,32,6252,47240,331700,36,32,6214,47202,331085,1,38,38,615
spider/store_1/0053,,12,61,easy,1,10,9,3504,31528,245289,9,9,3503,31527,245266,1,1,1,23
spider/store_1/0056,,25,108,medium,2,13,9,3553,31627,246000,11,9,3528,31577,245623,2,25,50,377
spider/store_product/0001,,9,67,easy,1,6,5,30,90,1149,5,5,15,75,842,1,15,15,307
spider/store_product/0002,,14,76,easy,1,8,7,7,43,543,7,7,6,42,520,1,1,1,23
spider/store_product/0003,,17,107,medium,1,7,5,22,89,1081,5,5,15,75,842,2,7,14,239
spider/store_product/0004,,19,85,medium,1,6,5,30,90,1149,5,5,15,75,842,1,15,15,307
spider/store_product/0005,,11,72,medium,1,6,5,16,76,882,5,5,15,75,842,1,1,1,40
spider/store_product/0006,,11,65,medium,1,6,5,16,76,879,5,5,15,75,842,1,1,1,37
spider/store_product/0007,,13,73,medium,1,6,5,16,76,880,5,5,15,75,842,1,1,1,38
spider/store_product/0008,,11,53,medium,1,8,6,7,34,351,6,6,5,30,298,2,2,4,53
spider/store_product/0009,,37,192,hard,3,14,11,27,117,1233,13,11,25,115,1198,1,2,2,35
spider/store_product/0011,,37,190,hard,3,14,11,26,116,1236,13,11,25,115,1198,1,1,1,38
spider/store_product/0012,,36,203,hard,3,15,11,29,123,1305,13,11,25,115,1198,2,4,8,107
spider/store_product/0013,,38,217,extra,3,14,11,26,116,1237,13,11,25,115,1198,1,1,1,39
spider/store_product/0014,,8,47,easy,1,8,7,7,43,560,7,7,6,42,520,1,1,1,40
spider/store_product/0015,,37,174,hard,3,16,13,31,107,1066,15,13,26,102,922,1,5,5,144
spider/store_product/0016,,19,87,medium,1,8,7,8,44,577,7,7,6,42,520,1,2,2,57
spider/store_product/0017,,19,86,medium,1,8,7,10,46,648,7,7,6,42,520,1,4,4,128
spider/store_product/0018,,12,58,medium,1,8,7,8,44,594,7,7,6,42,520,1,2,2,74
spider/store_product/0019,,13,87,hard,1,8,7,7,43,543,7,7,6,42,520,1,1,1,23
spider/store_product/0020,,23,158,hard,1,8,7,12,48,690,7,7,6,42,520,1,6,6,170
spider/store_product/0021,,20,106,hard,1,6,5,16,76,880,5,5,15,75,842,1,1,1,38
spider/store_product/0022,,74,379,extra,3,14,11,26,116,1236,13,11,25,115,1198,1,1,1,38
spider/storm_record/0001,,6,27,easy,1,4,3,14,40,284,3,3,13,39,266,1,1,1,18
spider/storm_record/0002,,12,71,medium,1,5,3,26,65,488,3,3,13,39,266,2,13,26,222
spider/storm_record/0003,,9,51,easy,1,4,3,26,52,433,3,3,13,39,266,1,13,13,167
spider/storm_record/0004,,12,61,easy,1,4,3,25,51,424,3,3,13,39,266,1,12,12,158
spider/storm_record/0005,,12,50,easy,1,7,6,11,61,531,6,6,10,60,514,1,1,1,17
spider/storm_record/0006,,18,90,medium,1,9,6,16,78,744,6,6,10,60,514,3,6,18,230
spider/storm_record/0007,,19,98,medium,1,8,6,11,62,588,6,6,10,60,514,2,1,2,74
spider/storm_record/0008,,25,131,extra,1,8,6,11,62,590,6,6,10,60,514,2,1,2,76
spider/storm_record/0009,,12,74,medium,1,8,6,20,80,667,6,6,10,60,514,2,10,20,153
spider/storm_record/0010,,8,53,easy,1,4,3,7,19,149,3,3,6,18,115,1,1,1,34
spider/storm_record/0011,,15,102,hard,2,7,5,28,66,508,6,5,19,57,381,1,9,9,127
spider/storm_record/0012,,25,136,medium,2,8,5,23,65,459,6,5,19,57,381,2,4,8,78
spider/storm_record/0013,,25,125,medium,2,11,8,20,86,684,9,8,16,78,629,2,4,8,55
spider/storm_record/0014,,31,160,extra,2,11,8,17,80,663,9,8,16,78,629,2,1,2,34
spider/storm_record/0015,,15,92,hard,2,10,8,22,84,681,9,8,16,78,629,1,6,6,52
spider/storm_record/0016,,59,290,extra,2,10,8,18,80,650,9,8,16,78,629,1,2,2,21
spider/storm_record/0017,,34,159,hard,2,10,8,24,86,694,9,8,16,78,629,1,8,8,65
spider/storm_record/0018,,37,172,hard,3,13,10,30,118,921,12,10,29,117,895,1,1,1,26
spider/storm_record/0019,,37,169,hard,3,13,10,30,118,911,12,10,29,117,895,1,1,1,16
spider/storm_record/0020,,28,140,medium,2,7,5,21,59,420,6,5,19,57,381,1,2,2,39
spider/storm_record/0021,,36,182,extra,3,13,10,30,118,921,12,10,29,117,895,1,1,1,26
spider/storm_record/0022,,74,361,extra,3,13,10,30,118,910,12,10,29,117,895,1,1,1,15
spider/student_1/0001,,6,25,easy,1,5,4,61,241,1424,4,4,60,240,1406,1,1,1,18
spider/student_1/0002,,12,47,easy,1,5,4,64,244,1453,4,4,60,240,1406,1,4,4,47
spider/student_1/0003,,12,48,easy,1,5,4,62,242,1440,4,4,60,240,1406,1,2,2,34
spider/student_1/0004,,12,57,easy,1,5,4,66,246,1477,4,4,60,240,1406,1,6,6,71
spider/student_1/0005,,9,58,medium,1,6,4,72,264,1515,4,4,60,240,1406,2,12,24,109
spider/student_1/0006,,12,53,easy,1,5,4,61,241,1420,4,4,60,240,1406,1,1,1,14
spider/student_1/0007,,12,53,easy,1,5,4,61,241,1420,4,4,60,240,1406,1,1,1,14
spider/student_1/0008,,12,51,easy,1,5,4,63,243,1436,4,4,60,240,1406,1,3,3,30
spider/student_1/0009,,12,51,easy,1,5,4,61,241,1426,4,4,60,240,1406,1,1,1,20
spider/student_1/0010,,25,110,medium,2,8,4,73,277,1712,7,4,72,276,1692,1,1,1,20
spider/student_1/0011,,25,111,medium,2,8,4,74,278,1723,7,4,72,276,1692,1,2,2,31
spider/student_1/0012,,12,52,easy,1,4,3,13,37,313,3,3,12,36,286,1,1,1,27
spider/student_1/0013,,12,51,easy,1,4,3,13,37,306,3,3,12,36,286,1,1,1,20
spider/student_1/0014,,9,65,medium,1,5,3,24,60,510,3,3,12,36,286,2,12,24,224
spider/student_1/0015,,9,61,medium,1,6,4,120,360,2428,4,4,60,240,1406,2,60,120,1022
spider/student_1/0020,,33,142,medium,2,8,4,73,277,1709,7,4,72,276,1692,1,1,1,17
spider/student_1/0021,,33,139,medium,2,8,4,73,277,1709,7,4,72,276,1692,1,1,1,17
spider/student_1/0022,,33,140,medium,2,8,4,73,277,1709,7,4,72,276,1692,1,1,1,17
spider/student_1/0023,,33,143,medium,2,8,4,73,277,1709,7,4,72,276,1692,1,1,1,17
spider/student_1/0024,,33,139,medium,2,8,4,73,277,1709,7,4,72,276,1692,1,1,1,17
spider/student_1/0025,,68,313,extra,2,9,4,84,300,1916,7,4,72,276,1692,2,12,24,224
spider/student_1/0026,,41,173,medium,2,8,4,78,282,1766,7,4,72,276,1692,1,6,6,74
spider/student_1/0027,,16,88,medium,1,7,4,67,261,1512,4,4,60,240,1406,3,7,21,106
spider/student_1/0028,,13,75,medium,1,6,4,72,264,1531,4,4,60,240,1406,2,12,24,125
spider/student_1/0029,,13,76,hard,1,5,4,61,241,1426,4,4,60,240,1406,1,1,1,20
spider/student_1/0030,,11,62,medium,1,6,4,72,264,1518,4,4,60,240,1406,2,12,24,112
spider/student_1/0031,,17,80,medium,1,6,4,63,246,1455,4,4,60,240,1406,2,3,6,49
spider/student_1/0032,,17,80,medium,1,6,4,63,246,1455,4,4,60,240,1406,2,3,6,49
spider/student_1/0033,,34,181,extra,2,9,4,73,278,1734,7,4,72,276,1692,2,1,2,42
spider/student_1/0034,,11,62,medium,1,6,4,72,264,1518,4,4,60,240,1406,2,12,24,112
spider/student_assessment/0001,,27,164,extra,2,8,6,16,52,579,7,6,15,51,550,1,1,1,29
spider/student_assessment/0002,,13,97,hard,1,4,3,10,28,339,3,3,9,27,318,1,1,1,21
spider/student_assessment/0003,,23,115,medium,2,12,10,24,96,1321,10,10,16,80,1163,2,8,16,158
spider/student_assessment/0004,,15,115,hard,2,6,4,18,42,439,5,4,16,40,413,1,2,2,26
spider/student_assessment/0005,,6,48,easy,1,4,3,16,32,346,3,3,8,24,290,1,8,8,56
spider/student_assessment/0006,,23,133,medium,2,9,6,24,69,716,7,6,15,51,550,2,9,18,166
spider/student_assessment/0007,,25,161,hard,2,6,4,18,44,470,5,4,17,43,441,1,1,1,29
spider/student_assessment/0008,,25,135,medium,2,8,6,15,49,539,7,6,14,48,522,1,1,1,17
spider/student_assessment/0009,,25,128,medium,2,8,6,15,49,539,7,6,14,48,522,1,1,1,17
spider/student_assessment/0010,,26,151,medium,2,11,10,17,81,1186,10,10,16,80,1163,1,1,1,23
spider/student_assessment/0011,,11,84,medium,1,5,4,6,21,271,4,4,5,20,248,1,1,1,23
spider/student_assessment/0012,,27,172,extra,2,6,4,18,44,470,5,4,17,43,441,1,1,1,29
spider/student_assessment/0013,,25,153,medium,2,7,4,24,57,519,5,4,17,43,441,2,7,14,78
spider/student_assessment/0014,,36,203,hard,3,11,7,27,75,756,9,7,23,67,673,2,4,8,83
spider/student_assessment/0015,,12,84,easy,1,5,4,9,24,286,4,4,5,20,248,1,4,4,38
spider/student_assessment/0016,,37,213,hard,3,15,13,22,101,1454,14,13,21,100,1411,1,1,1,43
spider/student_assessment/0017,,12,70,easy,1,4,3,12,28,326,3,3,8,24,290,1,4,4,36
spider/student_assessment/0018,,17,111,hard,1,4,3,9,25,311,3,3,8,24,290,1,1,1,21
spider/student_assessment/0019,,19,105,easy,2,13,11,31,153,2149,12,11,23,145,2027,1,8,8,122
spider/student_assessment/0020,,30,157,medium,3,15,13,39,169,2272,14,13,31,161,2150,1,8,8,122
spider/student_assessment/0021,,9,52,easy,1,5,4,12,30,317,4,4,6,24,232,1,6,6,85
spider/student_assessment/0022,,9,49,easy,1,9,8,16,72,1119,8,8,8,64,1041,1,8,8,78
spider/student_assessment/0023,,12,106,hard,2,7,4,24,58,659,6,4,17,51,608,1,7,7,51
spider/student_assessment/0024,,24,150,hard,2,7,4,19,53,633,6,4,17,51,608,1,2,2,25
spider/student_assessment/0025,,15,126,hard,2,9,4,18,54,694,6,4,17,51,608,3,1,3,86
spider/swimming/0001,,6,26,easy,1,5,4,7,25,176,4,4,6,24,159,1,1,1,17
spider/swimming/0002,,9,41,easy,1,5,4,12,30,232,4,4,6,24,159,1,6,6,73
spider/swimming/0003,,11,49,medium,1,5,4,7,25,184,4,4,6,24,159,1,1,1,25
spider/swimming/0004,,6,28,easy,1,7,6,11,61,586,6,6,10,60,568,1,1,1,18
spider/swimming/0005,,11,55,medium,1,7,6,11,61,592,6,6,10,60,568,1,1,1,24
spider/swimming/0006,,18,86,hard,1,7,6,14,64,672,6,6,10,60,568,1,4,4,104
spider/swimming/0007,,13,75,hard,1,7,6,11,61,589,6,6,10,60,568,1,1,1,21
spider/swimming/0008,,14,65,easy,1,7,6,15,65,626,6,6,10,60,568,1,5,5,58
spider/swimming/0009,,24,115,hard,1,7,6,11,61,589,6,6,10,60,568,1,1,1,21
spider/swimming/0010,,14,66,easy,1,7,6,11,61,597,6,6,10,60,568,1,1,1,29
spider/swimming/0011,,11,61,medium,1,8,6,16,72,659,6,6,10,60,568,2,6,12,91
spider/swimming/0012,,18,88,hard,1,7,6,15,65,626,6,6,10,60,568,1,5,5,58
spider/swimming/0013,,12,54,easy,1,7,6,11,61,585,6,6,10,60,568,1,1,1,17
spider/swimming/0014,,9,43,easy,1,12,11,16,96,1014,11,11,8,88,860,1,8,8,154
spider/swimming/0015,,8,47,easy,1,12,11,9,89,896,11,11,8,88,860,1,1,1,36
spider/swimming/0016,,17,89,medium,1,13,11,9,90,903,11,11,8,88,860,2,1,2,43
spider/swimming/0017,,15,79,medium,1,13,11,10,92,923,11,11,8,88,860,2,2,4,63
spider/swimming/0018,,25,97,medium,2,16,14,30,149,1215,15,14,21,140,1056,1,9,9,159
spider/swimming/0019,,27,129,extra,2,11,8,17,85,757,10,8,16,84,727,1,1,1,30
spider/swimming/0020,,30,126,medium,2,12,8,17,86,778,10,8,16,84,727,2,1,2,51
spider/swimming/0021,,15,80,hard,2,11,8,20,88,833,10,8,16,84,727,1,4,4,106
spider/swimming/0022,,27,130,extra,2,16,14,22,141,1081,15,14,21,140,1056,1,1,1,25
spider/swimming/0023,,28,120,medium,2,16,14,24,143,1115,15,14,21,140,1056,1,3,3,59
spider/swimming/0024,,38,163,hard,2,17,14,23,144,1133,15,14,21,140,1056,2,2,4,77
spider/swimming/0025,,15,81,hard,2,16,14,23,142,1109,15,14,21,140,1056,1,2,2,53
spider/swimming/0026,,50,212,extra,2,16,14,24,143,1115,15,14,21,140,1056,1,3,3,59
spider/swimming/0027,,48,195,extra,4,26,20,42,229,1878,25,20,37,224,1783,1,5,5,95
spider/swimming/0028,,38,170,extra,3,15,11,30,137,948,14,11,29,136,923,1,1,1,25
spider/swimming/0029,,6,21,easy,1,22,11,16,176,1720,11,11,8,88,860,11,8,88,860
spider/swimming/0030,,14,59,easy,1,7,6,11,61,597,6,6,10,60,568,1,1,1,29
spider/theme_gallery/0001,,6,27,easy,1,6,5,8,36,319,5,5,7,35,302,1,1,1,17
spider/theme_gallery/0002,,15,70,medium,1,8,5,14,56,527,5,5,7,35,302,3,7,21,225
spider/theme_gallery/0003,,6,35,easy,1,6,5,10,38,346,5,5,7,35,302,1,3,3,44
spider/theme_gallery/0004,,15,74,medium,1,7,5,9,39,361,5,5,7,35,302,2,2,4,59
spider/theme_gallery/0005,,19,65,medium,1,6,5,8,36,319,5,5,7,35,302,1,1,1,17
spider/theme_gallery/0006,,19,76,medium,1,7,5,8,37,339,5,5,7,35,302,2,1,2,37
spider/theme_gallery/0007,,11,55,medium,1,6,5,8,36,325,5,5,7,35,302,1,1,1,23
spider/theme_gallery/0008,,12,50,easy,1,6,5,7,31,289,5,5,6,30,272,1,1,1,17
spider/theme_gallery/0009,,15,65,medium,1,7,5,8,34,358,5,5,6,30,272,2,2,4,86
spider/theme_gallery/0010,,25,124,medium,2,12,9,18,75,670,10,9,13,65,574,2,5,10,96
spider/theme_gallery/0011,,31,157,extra,2,12,9,14,67,614,10,9,13,65,574,2,1,2,40
spider/theme_gallery/0012,,15,90,hard,2,11,9,15,67,611,10,9,13,65,574,1,2,2,37
spider/theme_gallery/0013,,36,178,extra,2,12,9,16,71,668,10,9,13,65,574,2,3,6,94
spider/theme_gallery/0014,,24,110,medium,1,8,5,7,33,361,5,5,6,30,272,3,1,3,89
spider/theme_gallery/0015,,12,68,medium,1,7,5,12,42,435,5,5,6,30,272,2,6,12,163
spider/theme_gallery/0016,,34,164,medium,2,11,7,22,78,694,8,7,19,69,573,3,3,9,121
spider/theme_gallery/0017,,32,137,hard,2,11,9,19,71,661,10,9,13,65,574,1,6,6,87
spider/theme_gallery/0019,,33,157,hard,2,9,7,20,70,591,8,7,19,69,573,1,1,1,18
spider/theme_gallery/0020,,42,207,hard,3,14,11,30,108,934,13,11,26,104,875,1,4,4,59
spider/tracking_grants_for_research/0001,,38,224,extra,2,13,10,32,182,1972,12,10,30,180,1932,1,2,2,40
spider/tracking_grants_for_research/0002,,52,294,extra,2,7,5,32,92,490,6,5,30,90,456,1,2,2,34
spider/tracking_grants_for_research/0003,,38,239,hard,3,12,9,33,140,1457,11,9,32,139,1418,1,1,1,39
spider/tracking_grants_for_research/0004,,39,270,extra,1,8,6,23,106,1379,6,6,15,90,1014,2,8,16,365
spider/tracking_grants_for_research/0005,,35,206,medium,2,11,8,36,147,1434,9,8,30,135,1333,2,6,12,101
spider/tracking_grants_for_research/0006,,31,216,extra,2,8,6,31,92,596,6,6,30,90,545,2,1,2,51
spider/tracking_grants_for_research/0007,,27,191,extra,2,7,6,31,91,573,6,6,30,90,545,1,1,1,28
spider/tracking_grants_for_research/0008,,56,313,extra,4,18,13,53,235,2452,17,13,47,229,2306,1,6,6,146
spider/tracking_grants_for_research/0009,,45,244,extra,3,15,11,42,194,2262,14,11,32,184,2019,1,10,10,243
spider/tracking_grants_for_research/0010,,21,145,hard,2,10,8,38,143,1342,9,8,30,135,1256,1,8,8,86
spider/tracking_grants_for_research/0011,,81,412,extra,3,13,8,47,156,718,10,8,45,150,657,3,2,6,61
spider/tracking_grants_for_research/0012,,15,82,medium,1,8,6,24,108,1420,6,6,15,90,1014,2,9,18,406
spider/tracking_grants_for_research/0013,,8,51,easy,1,7,6,16,91,1048,6,6,15,90,1014,1,1,1,34
spider/tracking_grants_for_research/0014,,13,85,medium,1,8,6,25,110,1246,6,6,15,90,1044,2,10,20,202
spider/tracking_grants_for_research/0015,,37,220,extra,3,9,6,42,104,659,8,6,32,94,554,1,10,10,105
spider/tracking_grants_for_research/0016,,28,160,hard,2,11,8,40,155,1337,9,8,30,135,1256,2,10,20,81
spider/tracking_grants_for_research/0017,,12,71,easy,1,3,2,3,5,132,2,2,2,4,90,1,1,1,42
spider/tracking_grants_for_research/0018,,11,66,medium,1,7,6,16,91,1055,6,6,15,90,1014,1,1,1,41
spider/tracking_grants_for_research/0019,,31,182,extra,2,8,5,31,92,504,6,5,30,90,456,2,1,2,48
spider/tracking_grants_for_research/0020,,15,111,hard,2,7,5,35,95,514,6,5,30,90,456,1,5,5,58
spider/tracking_grants_for_research/0021,,35,248,extra,2,9,6,31,93,629,6,6,30,90,545,3,1,3,84
spider/tracking_grants_for_research/0022,,42,238,extra,3,13,9,33,141,1384,11,9,32,139,1318,2,1,2,66
spider/tracking_grants_for_research/0023,,12,88,medium,1,3,2,3,5,116,2,2,2,4,87,1,1,1,29
spider/tracking_grants_for_research/0024,,74,453,extra,3,15,11,35,187,2109,14,11,32,184,2019,1,3,3,90
spider/tracking_grants_for_research/0025,,16,96,hard,1,8,6,16,92,921,6,6,15,90,888,2,1,2,33
spider/tracking_grants_for_research/0026,,26,179,medium,2,6,4,18,50,419,5,4,17,49,374,1,1,1,45
spider/tracking_grants_for_research/0027,,28,210,hard,2,6,4,24,56,466,5,4,17,49,374,1,7,7,92
spider/tracking_grants_for_research/0028,,12,67,easy,1,4,3,16,46,231,3,3,15,45,214,1,1,1,17
spider/tracking_grants_for_research/0029,,19,100,medium,1,7,6,16,91,1032,6,6,15,90,1014,1,1,1,18
spider/tracking_grants_for_research/0030,,11,63,medium,1,7,6,16,91,1053,6,6,15,90,1014,1,1,1,39
spider/tracking_grants_for_research/0031,,37,210,hard,3,9,6,33,95,596,8,6,32,94,554,1,1,1,42
spider/tracking_grants_for_research/0032,,30,182,extra,2,8,5,31,92,495,6,5,30,90,456,2,1,2,39
spider/tracking_grants_for_research/0033,,21,180,hard,1,4,3,18,48,293,3,3,15,45,242,1,3,3,51
spider/tracking_grants_for_research/0034,,9,67,easy,1,4,3,30,60,403,3,3,15,45,256,1,15,15,147
spider/tracking_grants_for_research/0035,,6,26,easy,1,5,4,16,61,219,4,4,15,60,201,1,1,1,18
spider/tracking_grants_for_research/0036,,25,135,medium,2,9,6,45,135,621,7,6,30,105,443,2,15,30,178
spider/tracking_grants_for_research/0037,,19,113,medium,1,7,6,17,92,1049,6,6,15,90,1014,1,2,2,35
spider/tracking_grants_for_research/0038,,19,123,easy,2,6,4,32,64,682,5,4,17,49,312,1,15,15,370
spider/tracking_grants_for_research/0039,,13,85,hard,1,7,6,16,91,1041,6,6,15,90,1014,1,1,1,27
spider/tracking_orders/0001,,11,67,medium,1,6,5,16,76,631,5,5,15,75,614,1,1,1,17
spider/tracking_orders/0002,,14,82,medium,1,7,5,16,77,650,5,5,15,75,614,2,1,2,36
spider/tracking_orders/0003,,12,70,easy,1,7,6,16,91,658,6,6,15,90,641,1,1,1,17
spider/tracking_orders/0004,,12,59,easy,1,6,5,17,77,356,5,5,15,75,331,1,2,2,25
spider/tracking_orders/0005,,26,140,medium,2,9,7,33,123,986,8,7,30,120,942,1,3,3,44
spider/tracking_orders/0006,,26,143,medium,2,9,7,36,126,1015,8,7,30,120,942,1,6,6,73
spider/tracking_orders/0007,,27,152,extra,2,9,7,31,121,970,8,7,30,120,942,1,1,1,28
spider/tracking_orders/0008,,27,150,extra,2,9,7,31,121,963,8,7,30,120,942,1,1,1,21
spider/tracking_orders/0009,,30,151,medium,2,10,7,33,126,1007,8,7,30,120,942,2,3,6,65
spider/tracking_orders/0010,,26,136,medium,2,9,7,33,123,1033,8,7,30,120,942,1,3,3,91
spider/tracking_orders/0011,,34,183,medium,2,9,7,31,121,969,8,7,30,120,942,1,1,1,27
spider/tracking_orders/0012,,34,185,medium,2,11,9,33,153,972,10,9,30,150,945,1,3,3,27
spider/tracking_orders/0013,,52,279,extra,2,9,7,31,121,969,8,7,30,120,942,1,1,1,27
spider/tracking_orders/0014,,52,275,extra,2,9,7,31,121,962,8,7,30,120,942,1,1,1,20
spider/tracking_orders/0015,,26,136,medium,2,12,10,31,166,1304,11,10,30,165,1255,1,1,1,49
spider/tracking_orders/0016,,26,124,medium,2,12,10,33,168,1346,11,10,30,165,1255,1,3,3,91
spider/tracking_orders/0017,,,184,hard,3,15,11,54,213,1232,13,11,45,195,1154,2,9,18,78
spider/tracking_orders/0018,,,186,hard,3,15,11,54,213,1264,13,11,45,195,1154,2,9,18,110
spider/tracking_orders/0019,,12,65,easy,1,7,6,17,92,663,6,6,15,90,641,1,2,2,22
spider/tracking_orders/0020,,18,104,hard,1,7,6,16,91,659,6,6,15,90,641,1,1,1,18
spider/tracking_orders/0021,,9,64,easy,1,4,3,20,50,262,3,3,15,45,209,1,5,5,53
spider/tracking_orders/0022,,9,63,easy,1,6,5,30,90,679,5,5,15,75,614,1,15,15,65
spider/tracking_orders/0023,,27,140,extra,2,11,9,31,151,963,10,9,30,150,945,1,1,1,18
spider/tracking_orders/0024,,27,152,extra,2,9,7,31,121,970,8,7,30,120,942,1,1,1,28
spider/tracking_orders/0025,,19,102,medium,1,4,3,24,54,575,3,3,15,45,524,1,9,9,51
spider/tracking_orders/0026,,19,112,medium,1,4,3,23,53,609,3,3,15,45,524,1,8,8,85
spider/tracking_orders/0027,,31,159,medium,2,10,7,33,126,1005,8,7,30,120,942,2,3,6,63
spider/tracking_orders/0028,,28,142,medium,2,9,7,38,128,1027,8,7,30,120,942,1,8,8,85
spider/tracking_orders/0029,,,280,extra,4,17,13,65,245,1541,16,13,60,240,1482,1,5,5,59
spider/tracking_orders/0030,,,318,extra,4,17,13,62,242,1516,16,13,60,240,1482,1,2,2,34
spider/tracking_share_transactions/0001,,6,30,easy,1,3,2,21,41,167,2,2,20,40,149,1,1,1,18
spider/tracking_share_transactions/0002,,6,38,easy,1,3,2,40,60,231,2,2,20,40,149,1,20,20,82
spider/tracking_share_transactions/0003,,6,37,easy,1,4,3,23,53,203,3,3,15,45,162,1,8,8,41
spider/tracking_share_transactions/0004,,8,51,easy,1,8,7,16,106,857,7,7,15,105,808,1,1,1,49
spider/tracking_share_transactions/0005,,9,64,medium,1,9,7,30,135,1246,7,7,15,105,808,2,15,30,438
spider/tracking_share_transactions/0006,,8,41,easy,1,8,7,16,106,843,7,7,15,105,808,1,1,1,35
spider/tracking_share_transactions/0007,,12,75,easy,1,8,7,23,113,854,7,7,15,105,808,1,8,8,46
spider/tracking_share_transactions/0008,,12,81,easy,1,8,7,22,112,985,7,7,15,105,808,1,7,7,177
spider/tracking_share_transactions/0009,,14,88,easy,1,8,7,16,106,861,7,7,15,105,808,1,1,1,53
spider/tracking_share_transactions/0010,,12,98,easy,1,3,2,3,5,129,2,2,2,4,85,1,1,1,44
spider/tracking_share_transactions/0011,,21,110,medium,1,8,7,16,106,844,7,7,15,105,808,1,1,1,36
spider/tracking_share_transactions/0012,,14,77,easy,1,8,7,16,106,837,7,7,15,105,808,1,1,1,29
spider/tracking_share_transactions/0013,,19,102,medium,1,8,7,29,119,1132,7,7,15,105,808,1,14,14,324
spider/tracking_share_transactions/0014,,30,207,medium,2,11,8,19,113,1012,9,8,17,109,893,2,2,4,119
spider/tracking_share_transactions/0015,,26,133,medium,2,10,8,48,158,1018,9,8,35,145,957,1,13,13,61
spider/tracking_share_transactions/0016,,8,62,easy,1,8,7,16,106,854,7,7,15,105,808,1,1,1,46
spider/tracking_share_transactions/0017,,9,48,medium,1,5,3,30,75,277,3,3,15,45,162,2,15,30,115
spider/tracking_share_transactions/0018,,26,125,medium,2,6,4,40,90,343,5,4,35,85,311,1,5,5,32
spider/tracking_share_transactions/0019,,26,160,medium,2,10,9,35,140,976,9,9,30,135,939,1,5,5,37
spider/tracking_share_transactions/0020,,30,180,medium,2,11,9,40,155,1211,9,9,30,135,933,2,10,20,278
spider/tracking_share_transactions/0021,,37,190,hard,3,13,9,48,183,1115,12,9,45,180,1089,1,3,3,26
spider/tracking_share_transactions/0022,,45,230,hard,3,13,9,51,186,1124,12,9,45,180,1089,1,6,6,35
spider/tracking_share_transactions/0023,,13,112,medium,1,9,7,17,109,914,7,7,15,105,808,2,2,4,106
spider/tracking_share_transactions/0024,,18,127,medium,1,10,7,17,111,902,7,7,15,105,808,3,2,6,94
spider/tracking_share_transactions/0025,,13,82,medium,1,9,7,25,125,966,7,7,15,105,808,2,10,20,158
spider/tracking_share_transactions/0026,,18,108,extra,1,9,7,25,125,966,7,7,15,105,808,2,10,20,158
spider/tracking_share_transactions/0027,,13,92,medium,1,9,7,25,125,999,7,7,15,105,808,2,10,20,191
spider/tracking_share_transactions/0028,,27,164,medium,2,11,8,39,153,1114,9,8,30,135,927,2,9,18,187
spider/tracking_share_transactions/0029,,32,200,hard,2,11,8,39,153,1114,9,8,30,135,927,2,9,18,187
spider/tracking_share_transactions/0030,,17,111,medium,1,9,7,20,115,865,7,7,15,105,808,2,5,10,57
spider/tracking_share_transactions/0031,,11,74,medium,1,9,7,25,125,893,7,7,15,105,808,2,10,20,85
spider/tracking_share_transactions/0032,,13,107,hard,1,8,7,16,106,841,7,7,15,105,808,1,1,1,33
spider/tracking_share_transactions/0033,,13,108,hard,1,8,7,16,106,840,7,7,15,105,808,1,1,1,32
spider/tracking_share_transactions/0034,,27,215,extra,2,10,8,18,110,937,9,8,17,109,893,1,1,1,44
spider/tracking_share_transactions/0035,,31,184,extra,2,11,8,36,147,1000,9,8,35,145,957,2,1,2,43
spider/tracking_share_transactions/0036,,31,184,extra,2,11,8,38,151,1012,9,8,35,145,957,2,3,6,55
spider/tracking_share_transactions/0037,,28,146,medium,2,10,8,39,149,988,9,8,35,145,957,1,4,4,31
spider/tracking_share_transactions/0038,,39,214,hard,2,11,8,37,149,1005,9,8,35,145,957,2,2,4,48
spider/tracking_share_transactions/0039,,19,103,medium,1,8,7,30,120,1153,7,7,15,105,808,1,15,15,345
spider/tracking_share_transactions/0040,,12,76,hard,2,5,4,46,76,323,4,4,30,60,256,1,16,16,67
spider/tracking_share_transactions/0041,,25,127,hard,2,6,4,32,77,304,5,4,30,75,281,1,2,2,23
spider/tracking_software_problems/0001,,11,75,medium,1,10,9,16,136,981,9,9,15,135,957,1,1,1,24
spider/tracking_software_problems/0002,,14,89,medium,1,11,9,16,137,998,9,9,15,135,957,2,1,2,41
spider/tracking_software_problems/0003,,15,83,medium,1,11,9,17,139,1049,9,9,15,135,957,2,2,4,92
spider/tracking_software_problems/0004,,9,68,medium,1,11,9,30,165,1084,9,9,15,135,957,2,15,30,127
spider/tracking_software_problems/0005,,28,170,medium,2,15,13,33,201,1423,13,13,30,195,1333,2,3,6,90
spider/tracking_software_problems/0006,,38,219,extra,2,15,13,32,199,1379,13,13,30,195,1333,2,2,4,46
spider/tracking_software_problems/0007,,25,124,medium,2,12,10,31,166,1264,11,10,30,165,1247,1,1,1,17
spider/tracking_software_problems/0008,,30,167,extra,2,13,10,31,167,1286,11,10,30,165,1247,2,1,2,39
spider/tracking_software_problems/0009,,26,146,medium,2,13,12,33,183,1424,12,12,30,180,1390,1,3,3,34
spider/tracking_software_problems/0010,,26,133,medium,2,13,12,32,182,1412,12,12,30,180,1390,1,2,2,22
spider/tracking_software_problems/0011,,12,74,easy,1,9,8,23,128,1055,8,8,15,120,1014,1,8,8,41
spider/tracking_software_problems/0012,,12,74,easy,1,9,8,22,127,1056,8,8,15,120,1014,1,7,7,42
spider/tracking_software_problems/0013,,25,132,medium,2,13,10,39,183,1323,11,10,30,165,1247,2,9,18,76
spider/tracking_software_problems/0014,,32,178,hard,2,13,10,35,175,1302,11,10,30,165,1247,2,5,10,55
spider/tracking_software_problems/0015,,9,63,easy,1,4,3,30,60,365,3,3,15,45,233,1,15,15,132
spider/tracking_software_problems/0016,,9,61,easy,1,4,3,30,60,365,3,3,15,45,233,1,15,15,132
spider/tracking_software_problems/0017,,66,340,extra,2,13,12,33,183,1415,12,12,30,180,1390,1,3,3,25
spider/tracking_software_problems/0018,,66,366,extra,2,13,12,31,181,1409,12,12,30,180,1390,1,1,1,19
spider/tracking_software_problems/0019,,58,343,extra,2,13,12,36,186,1428,12,12,30,180,1390,1,6,6,38
spider/tracking_software_problems/0020,,58,341,extra,2,13,12,36,186,1425,12,12,30,180,1390,1,6,6,35
spider/tracking_software_problems/0021,,27,150,extra,2,12,10,33,168,1287,11,10,30,165,1247,1,3,3,40
spider/tracking_software_problems/0024,,,473,extra,3,16,14,46,226,1649,15,14,45,225,1623,1,1,1,26
spider/train_station/0001,,6,28,easy,1,9,8,13,97,1178,8,8,12,96,1160,1,1,1,18
spider/train_station/0002,,12,69,medium,1,11,8,24,132,1546,8,8,12,96,1160,3,12,36,386
spider/train_station/0003,,6,37,easy,1,9,8,15,99,1203,8,8,12,96,1160,1,3,3,43
spider/train_station/0004,,15,76,medium,1,10,8,14,100,1246,8,8,12,96,1160,2,2,4,86
spider/train_station/0005,,14,85,medium,1,10,8,15,102,1359,8,8,12,96,1160,2,3,6,199
spider/train_station/0006,,26,123,hard,1,10,8,13,98,1242,8,8,12,96,1160,2,1,2,82
spider/train_station/0007,,18,109,medium,1,11,8,15,105,1302,8,8,12,96,1160,3,3,9,142
spider/train_station/0008,,19,97,medium,1,9,8,14,98,1191,8,8,12,96,1160,1,2,2,31
spider/train_station/0009,,18,96,hard,1,9,8,13,97,1186,8,8,12,96,1160,1,1,1,26
spider/train_station/0010,,13,77,hard,1,9,8,13,97,1182,8,8,12,96,1160,1,1,1,22
spider/train_station/0011,,12,51,medium,1,7,4,22,77,821,4,4,11,44,429,3,11,33,392
spider/train_station/0012,,6,26,easy,1,5,4,12,45,447,4,4,11,44,429,1,1,1,18
spider/train_station/0013,,12,52,medium,1,6,4,22,66,747,4,4,11,44,429,2,11,22,318
spider/train_station/0014,,25,131,medium,2,12,9,30,132,1401,10,9,23,118,1248,2,7,14,153
spider/train_station/0015,,34,153,medium,3,16,11,45,184,2104,14,11,34,162,1677,2,11,22,427
spider/train_station/0016,,45,204,extra,3,16,11,43,180,1940,14,11,34,162,1677,2,9,18,263
spider/train_station/0017,,27,145,extra,2,11,9,24,119,1275,10,9,23,118,1248,1,1,1,27
spider/train_station/0018,,28,135,medium,2,11,9,26,121,1306,10,9,23,118,1248,1,3,3,58
spider/train_station/0019,,14,66,easy,1,9,8,14,98,1195,8,8,12,96,1160,1,2,2,35
spider/train_station/0020,,15,96,hard,2,11,9,28,123,1358,10,9,23,118,1248,1,5,5,110
spider/train_station/0021,,74,367,extra,3,15,11,35,163,1704,14,11,34,162,1677,1,1,1,27
spider/train_station/0022,,49,260,extra,3,15,11,36,164,1726,14,11,34,162,1677,1,2,2,49
spider/train_station/0023,,15,98,medium,1,10,8,24,120,1488,8,8,12,96,1160,2,12,24,328
spider/twitter_1/0001,,12,51,easy,1,6,5,8,36,367,5,5,7,35,341,1,1,1,26
spider/twitter_1/0002,,12,61,easy,1,6,5,8,36,361,5,5,7,35,341,1,1,1,20
spider/twitter_1/0003,,6,34,easy,1,6,5,8,36,358,5,5,7,35,341,1,1,1,17
spider/twitter_1/0004,,6,28,easy,1,3,2,10,19,77,2,2,9,18,60,1,1,1,17
spider/twitter_1/0005,,8,40,easy,1,3,2,14,23,89,2,2,9,18,60,1,5,5,29
spider/twitter_1/0006,,6,27,easy,1,5,4,9,33,613,4,4,8,32,596,1,1,1,17
spider/twitter_1/0007,,8,38,easy,1,5,4,9,33,624,4,4,8,32,596,1,1,1,28
spider/twitter_1/0008,,15,70,medium,1,7,5,8,37,394,5,5,7,35,341,2,1,2,53
spider/twitter_1/0009,,19,85,extra,1,6,5,11,39,400,5,5,7,35,341,1,4,4,59
spider/twitter_1/0010,,12,50,medium,1,5,4,9,33,637,4,4,8,32,596,1,1,1,41
spider/twitter_1/0011,,15,67,medium,1,7,5,12,45,516,5,5,7,35,341,2,5,10,175
spider/twitter_1/0012,,51,230,extra,2,8,7,17,54,421,7,7,16,53,401,1,1,1,20
spider/twitter_1/0013,,32,128,medium,2,9,7,19,59,512,7,7,16,53,401,2,3,6,111
spider/twitter_1/0014,,28,112,medium,2,10,8,18,70,977,9,8,15,67,937,1,3,3,40
spider/twitter_1/0016,,34,120,hard,2,8,7,18,55,415,7,7,16,53,401,1,2,2,14
spider/twitter_1/0017,,11,62,medium,1,6,5,8,36,364,5,5,7,35,341,1,1,1,23
spider/twitter_1/0018,,14,71,medium,1,7,5,8,37,387,5,5,7,35,341,2,1,2,46
spider/twitter_1/0019,,12,72,medium,1,7,5,14,49,499,5,5,7,35,341,2,7,14,158
spider/twitter_1/0020,,11,62,medium,1,6,5,12,40,420,5,5,7,35,341,1,5,5,79
spider/twitter_1/0021,,9,43,easy,1,5,4,16,40,965,4,4,8,32,596,1,8,8,369
spider/twitter_1/0022,,25,109,medium,2,11,8,20,77,1029,9,8,15,67,937,2,5,10,92
spider/twitter_1/0023,,32,135,medium,2,11,8,17,71,998,9,8,15,67,937,2,2,4,61
spider/twitter_1/0024,,31,129,medium,2,11,8,18,73,996,9,8,15,67,937,2,3,6,59
spider/twitter_1/0025,,17,91,extra,2,10,8,16,68,970,9,8,15,67,937,1,1,1,33
spider/twitter_1/0026,,16,87,hard,2,10,8,16,68,970,9,8,15,67,937,1,1,1,33
spider/twitter_1/0027,,13,63,medium,1,7,5,8,37,400,5,5,7,35,341,2,1,2,59
spider/university_basketball/0001,,12,63,medium,1,10,8,10,50,904,8,8,5,40,693,2,5,10,211
spider/university_basketball/0002,,15,75,medium,1,10,8,9,48,880,8,8,5,40,693,2,4,8,187
spider/university_basketball/0003,,11,63,medium,1,9,8,6,41,715,8,8,5,40,693,1,1,1,22
spider/university_basketball/0004,,17,90,hard,1,9,8,6,41,715,8,8,5,40,693,1,1,1,22
spider/university_basketball/0010,,14,59,easy,1,9,8,6,41,724,8,8,5,40,693,1,1,1,31
spider/university_basketball/0011,,14,85,medium,1,10,8,6,42,780,8,8,5,40,693,2,1,2,87
spider/university_basketball/0012,,13,62,medium,1,10,8,6,42,753,8,8,5,40,693,2,1,2,60
spider/university_basketball/0013,,13,79,medium,1,10,8,7,44,774,8,8,5,40,693,2,2,4,81
spider/university_basketball/0015,,19,78,medium,1,9,8,10,45,825,8,8,5,40,693,1,5,5,132
spider/university_basketball/0016,,8,50,easy,1,9,8,6,41,729,8,8,5,40,693,1,1,1,36
spider/university_basketball/0017,,12,58,medium,1,9,8,6,41,710,8,8,5,40,693,1,1,1,17
spider/university_basketball/0019,,17,97,medium,1,10,8,6,42,733,8,8,5,40,693,2,1,2,40
spider/university_basketball/0020,,19,100,medium,1,10,8,7,44,773,8,8,5,40,693,2,2,4,80
spider/university_basketball/0021,,8,38,easy,1,9,8,6,41,724,8,8,5,40,693,1,1,1,31
spider/voter_2/0001,,6,28,easy,1,9,8,35,273,1329,8,8,34,272,1311,1,1,1,18
spider/voter_2/0002,,6,34,easy,1,10,9,11,91,729,9,9,10,90,711,1,1,1,18
spider/voter_2/0003,,8,56,easy,1,10,9,11,91,750,9,9,10,90,711,1,1,1,39
spider/voter_2/0004,,8,28,easy,1,9,8,35,273,1329,8,8,34,272,1311,1,1,1,18
spider/voter_2/0005,,12,42,easy,1,9,8,36,274,1336,8,8,34,272,1311,1,2,2,25
spider/voter_2/0006,,12,40,easy,1,9,8,37,275,1342,8,8,34,272,1311,1,3,3,31
spider/voter_2/0007,,12,41,easy,1,9,8,58,296,1441,8,8,34,272,1311,1,24,24,130
spider/voter_2/0008,,14,44,easy,1,9,8,35,273,1332,8,8,34,272,1311,1,1,1,21
spider/voter_2/0009,,19,63,medium,1,10,8,35,274,1345,8,8,34,272,1311,2,1,2,34
spider/voter_2/0010,,12,51,easy,1,9,8,38,276,1348,8,8,34,272,1311,1,4,4,37
spider/voter_2/0011,,12,79,easy,1,10,9,12,92,743,9,9,10,90,711,1,2,2,32
spider/voter_2/0012,,12,88,easy,1,10,9,11,91,737,9,9,10,90,711,1,1,1,26
spider/voter_2/0013,,9,84,medium,1,11,9,18,106,897,9,9,10,90,711,2,8,16,186
spider/voter_2/0014,,9,86,medium,1,11,9,14,98,799,9,9,10,90,711,2,4,8,88
spider/voter_2/0015,,19,106,easy,2,18,16,47,365,2056,17,16,44,362,2022,1,3,3,34
spider/voter_2/0016,,19,104,easy,2,18,16,46,364,2048,17,16,44,362,2022,1,2,2,26
spider/voter_2/0017,,26,131,medium,2,18,16,46,364,2039,17,16,44,362,2022,1,2,2,17
spider/voter_2/0018,,26,137,medium,2,18,16,46,364,2047,17,16,44,362,2022,1,2,2,25
spider/voter_2/0019,,19,100,easy,2,18,16,46,364,2042,17,16,44,362,2022,1,2,2,20
spider/voter_2/0020,,30,145,medium,2,19,16,45,364,2057,17,16,44,362,2022,2,1,2,35
spider/voter_2/0021,,30,149,medium,2,19,16,45,364,2054,17,16,44,362,2022,2,1,2,32
spider/voter_2/0022,,32,144,medium,2,18,16,45,363,2039,17,16,44,362,2022,1,1,1,17
spider/voter_2/0023,,32,154,medium,2,18,16,45,363,2039,17,16,44,362,2022,1,1,1,17
spider/voter_2/0024,,35,153,medium,2,18,16,45,363,2046,17,16,44,362,2022,1,1,1,24
spider/voter_2/0025,,35,145,medium,2,18,16,45,363,2046,17,16,44,362,2022,1,1,1,24
spider/voter_2/0026,,31,171,hard,2,18,16,45,363,2040,17,16,44,362,2022,1,1,1,18
spider/voter_2/0027,,30,162,hard,2,18,16,47,365,2056,17,16,44,362,2022,1,3,3,34
spider/voter_2/0028,,30,165,hard,2,18,16,45,363,2041,17,16,44,362,2022,1,1,1,19
spider/voter_2/0029,,11,61,medium,1,10,8,52,308,1481,8,8,34,272,1311,2,18,36,170
spider/voter_2/0030,,14,64,easy,1,9,8,40,278,1360,8,8,34,272,1311,1,6,6,49
spider/voter_2/0031,,14,60,easy,1,9,8,37,275,1336,8,8,34,272,1311,1,3,3,25
spider/voter_2/0032,,11,81,medium,1,11,9,12,94,762,9,9,10,90,711,2,2,4,51
spider/voter_2/0033,,13,71,hard,1,9,8,35,273,1327,8,8,34,272,1311,1,1,1,16
spider/voter_2/0034,,19,87,extra,1,9,8,35,273,1327,8,8,34,272,1311,1,1,1,16
spider/voter_2/0035,,13,79,hard,1,9,8,35,273,1331,8,8,34,272,1311,1,1,1,20
spider/voter_2/0036,,14,64,easy,1,9,8,40,278,1360,8,8,34,272,1311,1,6,6,49
spider/wedding/0001,,12,50,easy,1,6,5,10,46,837,5,5,9,45,820,1,1,1,17
spider/wedding/0002,,12,62,medium,1,8,5,18,72,1270,5,5,9,45,820,3,9,27,450
spider/wedding/0003,,9,47,easy,1,6,5,18,54,1077,5,5,9,45,820,1,9,9,257
spider/wedding/0005,,17,82,medium,1,7,5,16,59,1120,5,5,9,45,820,2,7,14,300
spider/wedding/0006,,11,64,medium,1,7,5,18,63,920,5,5,9,45,820,2,9,18,100
spider/wedding/0007,,14,73,medium,1,7,5,12,51,981,5,5,9,45,820,2,3,6,161
spider/wedding/0008,,19,62,medium,1,6,5,13,61,479,5,5,12,60,462,1,1,1,17
spider/wedding/0010,,18,61,medium,1,8,5,13,63,529,5,5,12,60,462,3,1,3,67
spider/wedding/0011,,21,90,extra,1,7,5,18,72,646,5,5,12,60,462,2,6,12,184
spider/wedding/0012,,41,166,hard,2,11,9,19,82,668,9,9,16,76,560,2,3,6,108
spider/wedding/0013,,25,117,extra,2,11,9,18,80,613,9,9,16,76,560,2,2,4,53
spider/wedding/0014,,32,134,hard,2,10,8,19,67,1121,9,8,13,61,918,1,6,6,203
spider/wedding/0017,,12,46,easy,1,5,4,5,17,115,4,4,4,16,98,1,1,1,17
spider/wedding/0018,,56,213,extra,3,15,12,27,123,1444,14,12,25,121,1380,1,2,2,64
spider/wedding/0019,,11,60,medium,1,7,5,17,70,558,5,5,12,60,462,2,5,10,96
spider/wedding/0020,,14,64,easy,1,5,4,5,17,133,4,4,4,16,98,1,1,1,35
spider/wine_1/0001,,11,44,medium,1,12,11,501,5501,44049,11,11,500,5500,44028,1,1,1,21
spider/wine_1/0002,,11,46,medium,1,12,11,501,5501,44049,11,11,500,5500,44028,1,1,1,21
spider/wine_1/0003,,12,41,easy,1,12,11,630,5630,46038,11,11,500,5500,44028,1,130,130,2010
spider/wine_1/0004,,9,41,medium,1,13,11,1000,6500,58049,11,11,500,5500,44028,2,500,1000,14021
spider/wine_1/0005,,9,35,medium,1,13,11,1000,6500,53745,11,11,500,5500,44028,2,500,1000,9717
spider/wine_1/0006,,9,44,medium,1,8,6,114,456,4538,6,6,57,342,3252,2,57,114,1286
spider/wine_1/0007,,12,40,easy,1,12,11,999,5999,46061,11,11,500,5500,44028,1,499,499,2033
spider/wine_1/0008,,12,38,easy,1,12,11,739,5739,48069,11,11,500,5500,44028,1,239,239,4041
spider/wine_1/0009,,26,103,medium,2,15,13,743,5783,48429,14,13,520,5560,44431,1,223,223,3998
spider/wine_1/0010,,26,126,medium,2,18,14,763,6048,50948,17,14,557,5842,47280,1,206,206,3668
spider/wine_1/0011,,12,55,easy,1,12,11,501,5501,44045,11,11,500,5500,44028,1,1,1,17
spider/wine_1/0012,,12,55,easy,1,7,6,58,343,3270,6,6,57,342,3252,1,1,1,18
spider/wine_1/0013,,28,120,medium,2,18,14,558,5843,47306,17,14,557,5842,47280,1,1,1,26
spider/wine_1/0014,,30,113,medium,2,16,13,673,5866,47317,14,13,520,5560,44431,2,153,306,2886
spider/wine_1/0015,,36,146,medium,2,18,14,558,5843,47303,17,14,557,5842,47280,1,1,1,23
spider/wine_1/0016,,34,126,medium,2,15,13,523,5563,44482,14,13,520,5560,44431,1,3,3,51
spider/wine_1/0017,,34,114,medium,2,15,13,623,5663,46272,14,13,520,5560,44431,1,103,103,1841
spider/wine_1/0018,,34,136,medium,2,18,14,574,5859,47560,17,14,557,5842,47280,1,17,17,280
spider/wine_1/0019,,11,54,medium,1,13,11,517,5534,44297,11,11,500,5500,44028,2,17,34,269
spider/wine_1/0020,,13,54,medium,1,13,11,507,5514,44212,11,11,500,5500,44028,2,7,14,184
spider/wine_1/0021,,24,118,hard,1,12,11,770,5770,48961,11,11,500,5500,44028,1,270,270,4933
spider/wine_1/0022,,9,44,easy,1,12,11,794,5794,49335,11,11,500,5500,44028,1,294,294,5307
spider/wine_1/0023,,9,45,easy,1,12,11,794,5794,49335,11,11,500,5500,44028,1,294,294,5307
spider/wine_1/0024,,34,163,extra,2,18,14,558,5843,47303,17,14,557,5842,47280,1,1,1,23
spider/wine_1/0025,,29,123,extra,2,15,13,521,5561,44449,14,13,520,5560,44431,1,1,1,18
spider/wine_1/0026,,19,65,medium,1,12,11,501,5501,44068,11,11,500,5500,44028,1,1,1,40
spider/wine_1/0027,,14,63,easy,1,12,11,584,5584,44985,11,11,500,5500,44028,1,84,84,957
spider/wine_1/0028,,26,90,hard,1,13,11,501,5502,44075,11,11,500,5500,44028,2,1,2,47
spider/wine_1/0029,,19,78,medium,1,13,11,501,5502,44067,11,11,500,5500,44028,2,1,2,39
spider/wine_1/0030,,18,73,medium,1,14,11,507,5521,44156,11,11,500,5500,44028,3,7,21,128
spider/wine_1/0031,,18,85,medium,1,14,11,557,5671,46131,11,11,500,5500,44028,3,57,171,2103
spider/wine_1/0032,,14,60,easy,1,12,11,523,5523,44287,11,11,500,5500,44028,1,23,23,259
spider/wine_1/0033,,28,133,medium,2,18,14,591,5876,47582,17,14,557,5842,47280,1,34,34,302
spider/wine_1/0034,,24,102,hard,1,12,11,934,5934,51066,11,11,500,5500,44028,1,434,434,7038
spider/wine_1/0035,,24,97,hard,1,12,11,501,5501,44049,11,11,500,5500,44028,1,1,1,21
spider/wine_1/0036,,34,148,extra,2,15,13,523,5563,44476,14,13,520,5560,44431,1,3,3,45
spider/wine_1/0037,,21,82,medium,1,14,11,521,5563,44757,11,11,500,5500,44028,3,21,63,729
spider/wine_1/0038,,21,85,medium,1,14,11,557,5671,46671,11,11,500,5500,44028,3,57,171,2643
spider/wine_1/0039,,24,117,hard,2,18,14,570,5855,47521,17,14,557,5842,47280,1,13,13,241
spider/wine_1/0040,,37,193,extra,2,18,14,558,5843,47316,17,14,557,5842,47280,1,1,1,36
spider/wine_1/0041,,34,159,extra,2,18,14,558,5843,47300,17,14,557,5842,47280,1,1,1,20
spider/workshop_paper/0001,,6,31,easy,1,5,4,11,41,378,4,4,10,40,360,1,1,1,18
spider/workshop_paper/0002,,9,49,easy,1,5,4,20,50,510,4,4,10,40,360,1,10,10,150
spider/workshop_paper/0003,,9,45,medium,1,6,4,20,60,619,4,4,10,40,360,2,10,20,259
spider/workshop_paper/0004,,19,79,medium,1,5,4,12,42,401,4,4,10,40,360,1,2,2,41
spider/workshop_paper/0005,,8,34,easy,1,5,4,11,41,384,4,4,10,40,360,1,1,1,24
spider/workshop_paper/0006,,11,58,medium,1,5,4,11,41,384,4,4,10,40,360,1,1,1,24
spider/workshop_paper/0007,,11,64,medium,1,6,4,20,60,513,4,4,10,40,360,2,10,20,153
spider/workshop_paper/0008,,13,78,hard,1,5,4,11,41,391,4,4,10,40,360,1,1,1,31
spider/workshop_paper/0010,,23,117,medium,2,9,6,22,70,649,7,6,16,58,490,2,6,12,159
spider/workshop_paper/0011,,25,131,hard,2,8,6,17,59,512,7,6,16,58,490,1,1,1,22
spider/workshop_paper/0012,,28,157,medium,2,9,6,21,68,616,7,6,16,58,490,2,5,10,126
spider/workshop_paper/0013,,31,160,medium,2,8,6,17,59,515,7,6,16,58,490,1,1,1,25
spider/workshop_paper/0014,,12,48,medium,1,6,4,12,36,552,4,4,6,24,343,2,6,12,209
spider/workshop_paper/0015,,15,104,hard,2,8,6,21,63,571,7,6,16,58,490,1,5,5,81
spider/wrestler/0001,,6,29,easy,1,7,6,11,61,616,6,6,10,60,598,1,1,1,18
spider/wrestler/0002,,9,49,easy,1,7,6,20,70,765,6,6,10,60,598,1,10,10,167
spider/wrestler/0003,,11,56,medium,1,7,6,11,61,620,6,6,10,60,598,1,1,1,22
spider/wrestler/0004,,12,69,easy,1,7,6,12,62,615,6,6,10,60,598,1,2,2,17
spider/wrestler/0005,,9,42,medium,1,8,6,20,80,950,6,6,10,60,598,2,10,20,352
spider/wrestler/0006,,12,66,easy,1,7,6,8,38,396,6,6,6,36,354,1,2,2,42
spider/wrestler/0007,,23,120,medium,2,14,11,22,108,1150,12,11,16,96,952,2,6,12,198
spider/wrestler/0008,,27,135,medium,2,14,11,22,108,1132,12,11,16,96,952,2,6,12,180
spider/wrestler/0009,,25,127,hard,2,13,11,17,97,969,12,11,16,96,952,1,1,1,17
spider/wrestler/0010,,26,116,medium,2,13,11,18,98,976,12,11,16,96,952,1,2,2,24
spider/wrestler/0011,,11,59,medium,1,8,6,8,40,407,6,6,6,36,354,2,2,4,53
spider/wrestler/0012,,14,62,easy,1,7,6,7,37,378,6,6,6,36,354,1,1,1,24
spider/wrestler/0013,,9,44,medium,1,8,6,20,80,688,6,6,10,60,598,2,10,20,90
spider/wrestler/0014,,12,47,easy,1,7,6,11,61,620,6,6,10,60,598,1,1,1,22
spider/wrestler/0015,,13,72,hard,1,7,6,11,61,612,6,6,10,60,598,1,1,1,14
spider/wrestler/0016,,14,67,easy,1,7,6,12,62,649,6,6,10,60,598,1,2,2,51
spider/wrestler/0017,,15,97,hard,2,13,11,20,100,1032,12,11,16,96,952,1,4,4,80
spider/wrestler/0018,,24,134,hard,1,7,6,7,37,378,6,6,6,36,354,1,1,1,24
spider/wrestler/0019,,8,45,easy,1,7,6,7,37,384,6,6,6,36,354,1,1,1,30
spider/wrestler/0020,,19,86,medium,1,7,6,8,38,378,6,6,6,36,354,1,2,2,24
textbook/1,2,,204,extra,4,10,6,30,66,371,9,6,28,64,354,1,2,2,17
textbook/10,3,35,287,,2,5,3,21,40,221,4,3,19,38,204,1,2,2,17
textbook/11,1,20,119,hard,2,5,3,22,41,208,4,3,19,38,189,1,3,3,19
textbook/12,2,67,440,,1,5,3,14,38,141,3,3,10,30,107,2,4,8,34
textbook/13,1,,81,medium,2,5,3,17,29,129,4,3,12,24,102,1,5,5,27
textbook/14,3,33,229,,3,7,4,20,38,171,6,4,18,36,156,1,2,2,15
textbook/15,3,,363,,3,7,4,31,59,246,6,4,28,56,227,1,3,3,19
textbook/16,4,,359,,3,7,4,31,59,236,6,4,28,56,217,1,3,3,19
textbook/17,3,,201,extra,2,7,4,24,63,224,5,4,19,53,177,2,5,10,47
textbook/18,2,,192,extra,2,7,4,28,71,252,5,4,19,53,177,2,9,18,75
textbook/19,3,,275,,3,7,4,30,55,236,6,4,25,50,209,1,5,5,27
textbook/2,3,,215,,4,10,6,36,81,461,9,6,35,80,451,1,1,1,10
textbook/20,4,,309,extra,3,7,4,37,71,285,6,4,34,68,266,1,3,3,19
textbook/21,2,,305,extra,3,7,4,38,69,283,6,4,31,62,248,1,7,7,35
textbook/22,5,,195,,3,8,4,40,80,321,6,4,35,70,280,2,5,10,41
textbook/23,,,222,,3,11,6,34,96,364,8,6,30,84,309,3,4,12,55
textbook/24,2,,398,,3,9,6,131,294,2629,8,6,116,279,2394,1,15,15,235
textbook/25,4,,130,hard,2,7,4,88,192,1387,5,4,85,186,1322,2,3,6,65
textbook/26,4,38,219,hard,2,11,10,50,220,2128,10,10,49,219,2110,1,1,1,18
textbook/27,,,331,,3,10,6,130,307,2790,8,6,116,279,2394,2,14,28,396
textbook/28,2,,150,extra,3,9,6,126,289,2526,8,6,116,279,2394,1,10,10,132
textbook/29,,38,214,hard,2,11,10,45,185,1465,10,10,34,174,1435,1,11,11,30
textbook/3,3,36,143,extra,2,5,3,58,110,425,4,3,52,104,399,1,6,6,26
textbook/31,3,69,525,,3,9,6,125,288,2531,8,6,116,279,2394,1,9,9,137
textbook/33,,,258,,2,6,4,101,232,2024,5,4,100,231,1997,1,1,1,27
textbook/34,3,51,337,extra,2,7,4,101,233,2033,5,4,100,231,1997,2,1,2,36
textbook/35,3,,184,,3,9,6,129,292,2593,8,6,116,279,2394,1,13,13,199
textbook/36,,,204,,3,9,6,127,290,2561,8,6,116,279,2394,1,11,11,167
textbook/37,,,219,,3,9,6,122,285,2482,8,6,116,279,2394,1,6,6,88
textbook/4,3,,464,hard,3,7,4,56,105,577,6,4,49,98,531,1,7,7,46
textbook/5,3,,244,,2,6,4,20,49,244,5,4,17,46,216,1,3,3,28
textbook/6,3,,191,,3,7,4,45,88,502,6,4,43,86,477,1,2,2,25
textbook/7,1,17,60,medium,1,5,3,10,27,111,3,3,7,21,79,2,3,6,32
textbook/8,2,24,82,medium,1,5,3,9,25,105,3,3,7,21,79,2,2,4,26
textbook/9,4,,157,,2,7,4,30,78,369,5,4,27,72,333,2,3,6,36
